,open,high,low,close,adjclose,volume,ticker,adjclose_1,true_adjclose_1,buy_profit,sell_profit
1997-07-29,0.11822900176048279,0.125,0.1166670024394989,0.12395799905061722,0.12395799905061722,96288000,AMZN,0.25177297,0.12239599972963333,-0.0015619993209838867,0.0
1997-08-07,0.11249999701976776,0.11302100121974945,0.10625000298023224,0.10885400325059891,0.10885400325059891,40680000,AMZN,0.30726936,0.11458300054073334,0.00572899729013443,0.0
1997-08-21,0.10677099972963333,0.10859400033950806,0.10364600270986557,0.10572899878025055,0.10572899878025055,12480000,AMZN,0.28098097,0.10625000298023224,0.0005210041999816895,0.0
1997-09-03,0.1171879991889,0.12083300203084946,0.11562500149011612,0.1166670024394989,0.1166670024394989,39288000,AMZN,0.28958786,0.12760399281978607,0.01093699038028717,0.0
1997-09-05,0.12916700541973114,0.1333329975605011,0.12291699647903442,0.125,0.125,38160000,AMZN,0.28560767,0.15000000596046448,0.025000005960464478,0.0
1997-09-08,0.12656299769878387,0.15104199945926666,0.125,0.15000000596046448,0.15000000596046448,112968000,AMZN,0.33712387,0.16197900474071503,0.01197899878025055,0.0
1997-09-10,0.16562500596046448,0.16640600562095642,0.15625,0.1651040017604828,0.1651040017604828,77328000,AMZN,0.29461378,0.15781299769878387,-0.007291004061698914,0.0
1997-09-15,0.18333299458026886,0.18385399878025055,0.15260399878025055,0.1546880006790161,0.1546880006790161,111672000,AMZN,0.37645516,0.1677079945802689,0.013019993901252774,0.0
1997-09-16,0.15625,0.17708300054073334,0.15599000453948975,0.16770799458026886,0.16770799458026886,128640000,AMZN,0.33381993,0.17031300067901614,0.002605006098747281,0.0
1997-09-17,0.17291699349880219,0.17499999701976776,0.16666699945926666,0.1703130006790161,0.1703130006790161,52152000,AMZN,0.36947492,0.1645829975605011,-0.005730003118515015,0.0
1997-09-29,0.20729200541973114,0.20937499403953552,0.19791699945926666,0.20208300650119781,0.20208300650119781,47424000,AMZN,0.48755223,0.21692700684070587,0.014844000339508057,0.0
1997-10-06,0.20000000298023224,0.20624999701976776,0.19713500142097473,0.20624999701976776,0.20624999701976776,40560000,AMZN,0.37334487,0.20286500453948977,-0.0033849924802779874,0.0
1997-10-17,0.1807290017604828,0.18281300365924835,0.17604200541973114,0.18125000596046448,0.18125000596046448,50688000,AMZN,0.30236563,0.19114600121974945,0.009895995259284973,0.0
1997-10-21,0.19791699945926666,0.22187499701976776,0.19270800054073334,0.22135399281978607,0.22135399281978607,241920000,AMZN,0.32315442,0.2260420024394989,0.00468800961971283,0.0
1997-11-05,0.24895800650119781,0.25598999857902527,0.24375000596046448,0.24375000596046448,0.24375000596046448,61872000,AMZN,0.4400609,0.23307299613952634,-0.010677009820938138,0.0
1997-11-17,0.2114579975605011,0.2270829975605011,0.2109380066394806,0.21875,0.21875,147888000,AMZN,0.40958676,0.22083300352096558,0.002083003520965576,0.0
1997-12-03,0.2098959982395172,0.21875,0.20937499403953552,0.2182289958000183,0.2182289958000183,25800000,AMZN,0.40355685,0.22499999403953552,0.006770998239517212,0.0
1997-12-12,0.23229199647903442,0.24010400474071503,0.22031299769878387,0.2270829975605011,0.2270829975605011,53448000,AMZN,0.34863248,0.2291669994592667,0.0020840018987655917,0.0
1997-12-16,0.23229199647903442,0.23229199647903442,0.22291700541973114,0.22291700541973114,0.22291700541973114,33744000,AMZN,0.43513334,0.21953099966049194,-0.0033860057592391968,0.0
1997-12-18,0.21770800650119781,0.22135399281978607,0.2114579975605011,0.21458299458026886,0.21458299458026886,64080000,AMZN,0.33099863,0.22499999403953552,0.010416999459266663,0.0
1997-12-26,0.22812500596046448,0.23229199647903442,0.22447900474071503,0.2260420024394989,0.2260420024394989,9744000,AMZN,0.4157954,0.23749999701976773,0.011457994580268832,0.0
1998-01-08,0.2348960041999817,0.23515599966049194,0.2265630066394806,0.23072899878025055,0.23072899878025055,120312000,AMZN,0.41902483,0.21302099525928497,-0.017708003520965576,0.0
1998-01-21,0.24687500298023224,0.2583329975605011,0.24375000596046448,0.25364598631858826,0.25364598631858826,174768000,AMZN,0.42410138,0.2567709982395172,0.003125011920928955,0.0
1998-01-27,0.24088500440120697,0.2432290017604828,0.23333300650119781,0.23749999701976776,0.23749999701976776,82080000,AMZN,0.49912637,0.2385420054197311,0.0010420083999633512,0.0
1998-01-30,0.25,0.25312501192092896,0.24427099525928497,0.24583299458026886,0.24583299458026886,74448000,AMZN,0.45195088,0.25989601016044617,0.014063015580177307,0.0
1998-02-18,0.2572920024394989,0.2572920024394989,0.25260400772094727,0.25364598631858826,0.25364598631858826,59424000,AMZN,0.51794,0.26145800948143005,0.007812023162841797,0.0
1998-02-23,0.2645829916000366,0.27083298563957214,0.26041701436042786,0.27031299471855164,0.27031299471855164,79560000,AMZN,0.45771858,0.27031299471855164,0.0,0.0
1998-02-25,0.2734380066394806,0.27708300948143005,0.26302099227905273,0.2744790017604828,0.2744790017604828,134904000,AMZN,0.28589964,0.3031249940395355,0.028645992279052734,0.0
1998-02-26,0.27317699790000916,0.3041670024394989,0.2718749940395355,0.3031249940395355,0.3031249940395355,307464000,AMZN,0.49435073,0.3208329975605011,0.017708003520965576,0.0
1998-03-02,0.31614598631858826,0.3218750059604645,0.3125,0.31770798563957214,0.31770798563957214,219144000,AMZN,0.3816777,0.2989580035209656,-0.018749982118606567,0.0
1998-03-04,0.30000001192092896,0.30937498807907104,0.29166701436042786,0.3059900104999542,0.3059900104999542,146280000,AMZN,0.6585817,0.3125,0.006509989500045776,0.0
1998-03-16,0.3315100073814392,0.3364579975605011,0.3291670083999634,0.3291670083999634,0.3291670083999634,66240000,AMZN,0.66091144,0.33281299471855164,0.003645986318588257,0.0
1998-03-19,0.35572901368141174,0.36458298563957214,0.34895798563957214,0.3499999940395355,0.3499999940395355,242304000,AMZN,0.45140865,0.3499999940395355,0.0,0.0
1998-03-20,0.3499999940395355,0.35364601016044617,0.34635400772094727,0.3499999940395355,0.3499999940395355,128256000,AMZN,0.5198437,0.3492189943790436,-0.0007809996604919434,0.0
1998-03-25,0.35416701436042786,0.3572919964790344,0.3375000059604645,0.3403649926185608,0.3403649926185608,225792000,AMZN,0.41334948,0.3447920083999634,0.004427015781402588,0.0
1998-03-26,0.34062498807907104,0.34895798563957214,0.33125001192092896,0.3447920083999634,0.3447920083999634,157560000,AMZN,0.3749864,0.35416701436042786,0.009375005960464478,0.0
1998-04-15,0.4083330035209656,0.41666701436042786,0.39375001192092896,0.40052101016044617,0.40052101016044617,223848000,AMZN,0.5970435,0.41041699051856995,0.00989598035812378,0.0
1998-04-16,0.40052101016044617,0.41380199790000916,0.388280987739563,0.41041699051856995,0.41041699051856995,324888000,AMZN,0.67514,0.39531299471855164,-0.01510399580001831,0.0
1998-04-23,0.36250001192092896,0.36250001192092896,0.3354170024394989,0.3375000059604645,0.3375000059604645,245064000,AMZN,0.47424418,0.35364601016044617,0.01614600419998169,0.0
1998-04-24,0.3416669964790344,0.3656249940395355,0.33958300948143005,0.35364601016044617,0.35364601016044617,335712000,AMZN,0.52136606,0.3447920083999634,-0.008854001760482788,0.0
1998-05-05,0.3916670083999634,0.3979170024394989,0.38802099227905273,0.3904950022697449,0.3904950022697449,119976000,AMZN,0.897933,0.37656301259994507,-0.013931989669799805,0.0
1998-05-06,0.3916670083999634,0.3916670083999634,0.3755210041999817,0.37656301259994507,0.37656301259994507,148776000,AMZN,0.7984131,0.37916699051856995,0.002603977918624878,0.0
1998-05-07,0.37916699051856995,0.38749998807907104,0.3677079975605011,0.37916699051856995,0.37916699051856995,277752000,AMZN,0.6761261,0.38489601016044617,0.005729019641876221,0.0
1998-05-15,0.3828130066394806,0.38541701436042786,0.3729169964790344,0.3734380006790161,0.3734380006790161,92568000,AMZN,0.6133635,0.36692699790000916,-0.006511002779006958,0.0
1998-05-29,0.3578130006790161,0.37083300948143005,0.35624998807907104,0.3671880066394806,0.3671880066394806,172824000,AMZN,0.6393659,0.35677099227905273,-0.010417014360427856,0.0
1998-06-05,0.36458298563957214,0.36979201436042786,0.359375,0.3687500059604645,0.3687500059604645,68544000,AMZN,0.6186933,0.38541701436042786,0.01666700839996338,0.0
1998-06-08,0.36510398983955383,0.38593798875808716,0.36250001192092896,0.38541701436042786,0.38541701436042786,109260000,AMZN,0.54976666,0.4270829856395722,0.04166597127914434,0.0
1998-07-08,0.9322919845581055,0.9916669726371765,0.8531249761581421,0.8927080035209656,0.8927080035209656,1166232000,AMZN,1.0474974,0.8791670203208923,-0.013540983200073242,0.0
1998-07-09,0.921875,0.9708330035209656,0.875,0.8791670203208923,0.8791670203208923,589860000,AMZN,1.017491,0.8291670083999635,-0.050000011920928844,0.0
1998-07-16,0.9453129768371582,0.9583330154418945,0.9041669964790344,0.9447919726371765,0.9447919726371765,279984000,AMZN,1.3674746,0.9984380006790161,0.0536460280418396,0.0
1998-07-24,1.0770829916000366,1.0958329439163208,0.9750000238418579,1.0354169607162476,1.0354169607162476,579480000,AMZN,1.0393195,1.046354055404663,0.010937094688415527,0.0
1998-08-07,0.9270830154418945,0.9906250238418579,0.9114580154418945,0.9666669964790344,0.9666669964790344,468660000,AMZN,1.1256148,1.0135420560836792,0.046875059604644775,0.0
1998-08-13,1.0885419845581055,1.125,1.0583330392837524,1.0625,1.0625,492588000,AMZN,1.3728192,1.0229170322418213,-0.03958296775817871,0.0
1998-09-17,0.6703130006790161,0.6958330273628235,0.637499988079071,0.6416670083999634,0.6416670083999634,849156000,AMZN,0.39415753,0.6640629768371582,0.0,-0.022395968437194824
1998-09-24,0.8927080035209656,0.9739580154418945,0.8458330035209656,0.8510419726371765,0.8510419726371765,1022484000,AMZN,1.1212622,0.9104170203208924,0.05937504768371593,0.0
1998-10-09,0.7520830035209656,0.765625,0.6979169845581055,0.7598959803581238,0.7598959803581238,414540000,AMZN,1.1127238,0.7765629887580872,0.01666700839996338,0.0
1998-10-12,0.809374988079071,0.8416669964790344,0.7749999761581421,0.7765629887580872,0.7765629887580872,436344000,AMZN,1.1708658,0.7614579796791077,-0.015105009078979492,0.0
1998-10-14,0.7588539719581604,0.8135420083999634,0.7479169964790344,0.7791669964790344,0.7791669964790344,311808000,AMZN,1.1401384,0.8088539838790892,0.02968698740005482,0.0
1998-10-15,0.7854170203208923,0.815625011920929,0.7708330154418945,0.8088539838790894,0.8088539838790894,339420000,AMZN,0.99094635,0.8286460041999816,0.019792020320892223,0.0
1998-10-20,0.90625,0.9375,0.8885419964790344,0.8895829916000366,0.8895829916000366,383352000,AMZN,1.0891286,0.9166669845581055,0.027083992958068848,0.0
1998-10-21,0.9119790196418762,0.918749988079071,0.8802080154418945,0.9166669845581055,0.9166669845581055,252360000,AMZN,0.9796314,0.9557290077209474,0.03906202316284191,0.0
1998-10-23,0.9541670083999634,0.9859380125999451,0.9510419964790344,0.9677079916000366,0.9677079916000366,272496000,AMZN,0.91119933,1.0119789838790894,0.0,-0.044270992279052734
1998-10-30,1.0552079677581787,1.0817710161209106,1.0385420322418213,1.0536459684371948,1.0536459684371948,423648000,AMZN,1.1241938,1.0916670560836792,0.038021087646484375,0.0
1998-11-03,1.0927079916000366,1.108854055404663,1.0479170083999634,1.0505210161209106,1.0505210161209106,367764000,AMZN,1.160671,1.0817710161209106,0.03125,0.0
1998-11-10,1.068750023841858,1.1666669845581055,1.0677080154418945,1.0979169607162476,1.0979169607162476,687516000,AMZN,1.3462985,1.0552079677581787,-0.04270899295806885,0.0
1998-11-12,1.0458329916000366,1.1072920560836792,1.0416669845581055,1.0916670560836792,1.0916670560836792,239496000,AMZN,1.4784733,1.0645829439163208,-0.0270841121673584,0.0
1998-11-13,1.0994789600372314,1.1124999523162842,1.0476560592651367,1.0645829439163208,1.0645829439163208,178812000,AMZN,1.4164883,1.0520830154418945,-0.01249992847442627,0.0
1998-11-25,1.8041670322418213,1.8624999523162842,1.7083330154418945,1.7526040077209473,1.7526040077209473,550452000,AMZN,1.8724595,1.8052079677581787,0.052603960037231445,0.0
1998-12-01,1.5458329916000366,1.7479170560836792,1.5166670083999634,1.7458330392837524,1.7458330392837524,943092000,AMZN,2.1196134,1.662500023841858,-0.08333301544189453,0.0
1998-12-02,1.7244789600372314,1.7291669845581055,1.6463539600372314,1.662500023841858,1.662500023841858,592980000,AMZN,2.0514376,1.5791670083999632,-0.08333301544189475,0.0
1998-12-08,1.5802079439163208,1.7156250476837158,1.5708329677581787,1.7005209922790527,1.7005209922790527,510996000,AMZN,1.8346894,1.8020830154418945,0.1015620231628418,0.0
1998-12-10,1.8135420083999634,1.8666670322418213,1.7468750476837158,1.7760419845581055,1.7760419845581055,607236000,AMZN,1.6483678,1.8583329916000364,0.0,-0.08229100704193093
1998-12-11,1.750520944595337,1.8666670322418213,1.75,1.8583329916000366,1.8583329916000366,509352000,AMZN,2.0823436,1.852082967758179,-0.006250023841857688,0.0
1998-12-17,2.200000047683716,2.4291670322418213,2.171354055404663,2.3062500953674316,2.3062500953674316,1352700000,AMZN,2.047776,2.3890628814697266,0.0,-0.08281278610229492
1999-01-05,2.739063024520874,3.2437500953674316,2.6624999046325684,3.112499952316284,3.112499952316284,1257464000,AMZN,2.6571968,3.450000047683716,0.0,-0.33750009536743164
1999-01-22,2.487499952316284,3.1468749046325684,2.46875,3.075000047683716,3.075000047683716,875316000,AMZN,3.0534441,2.809375047683716,0.0,0.265625
1999-01-25,3.0374999046325684,3.0843749046325684,2.75,2.809375047683716,2.809375047683716,546476000,AMZN,3.1617825,2.8773438930511475,0.06796884536743164,0.0
1999-01-29,3.0406250953674316,3.0406250953674316,2.875,2.92343807220459,2.92343807220459,327920000,AMZN,3.2867298,2.8968749046325684,-0.026563167572021484,0.0
1999-02-02,2.909374952316284,2.910938024520874,2.7125000953674316,2.7562499046325684,2.7562499046325684,260972000,AMZN,2.999059,3.143749952316284,0.3875000476837158,0.0
1999-02-08,2.859375,2.878124952316284,2.643749952316284,2.7281250953674316,2.7281250953674316,251964000,AMZN,2.7238324,2.5,0.0,0.22812509536743164
1999-02-12,2.700000047683716,2.746875047683716,2.590625047683716,2.612499952316284,2.612499952316284,155308000,AMZN,2.7906406,2.465625047683716,-0.14687490463256836,0.0
1999-03-11,3.4937500953674316,3.5687499046325684,3.2750000953674316,3.371875047683716,3.371875047683716,325044000,AMZN,3.5303712,3.3328130245208745,-0.03906202316284135,0.0
1999-03-17,3.28281307220459,3.3375000953674316,3.206249952316284,3.2750000953674316,3.2750000953674316,157348000,AMZN,3.3170402,3.4609379768371586,0.185937881469727,0.0
1999-03-18,3.3218750953674316,3.5,3.309375047683716,3.460937976837158,3.460937976837158,246004000,AMZN,3.605563,3.37656307220459,-0.08437490463256836,0.0
1999-03-19,3.546875,3.5765628814697266,3.375,3.37656307220459,3.37656307220459,214504000,AMZN,3.5411289,3.2999999523162837,-0.07656311988830611,0.0
1999-04-20,3.9328129291534424,4.357812881469727,3.8375000953674316,4.300000190734863,4.300000190734863,400100000,AMZN,4.2536445,4.481249809265137,0.0,-0.18124961853027344
1999-04-26,5.224999904632568,5.396874904632568,5.099999904632568,5.179687976837158,5.179687976837158,279700000,AMZN,5.307376,5.146874904632568,-0.032813072204589844,0.0
1999-05-14,3.328125,3.3687500953674316,3.2453129291534424,3.309375047683716,3.309375047683716,225336000,AMZN,3.177599,3.440624952316284,0.0,-0.13124990463256836
1999-05-18,3.410938024520874,3.4375,3.273437976837158,3.315624952316284,3.315624952316284,248156000,AMZN,3.2424889,3.489063024520874,0.0,-0.17343807220458984
1999-05-19,3.348438024520874,3.4906249046325684,3.3375000953674316,3.489063024520874,3.489063024520874,252384000,AMZN,3.5554113,3.270313024520874,-0.21875,0.0
1999-05-26,2.82968807220459,3.046875,2.612499952316284,3.023437976837158,3.023437976837158,423172000,AMZN,2.9833884,2.864063024520874,0.0,0.15937495231628418
1999-05-27,2.9906249046325684,3.0140628814697266,2.8499999046325684,2.864063024520874,2.864063024520874,271468000,AMZN,2.9431932,2.96875,0.10468697547912598,0.0
1999-05-28,2.890625,3.0093750953674316,2.799999952316284,2.96875,2.96875,193604000,AMZN,3.0357358,2.645313024520874,-0.323436975479126,0.0
1999-06-04,2.640625,2.75,2.5406250953674316,2.710937976837158,2.710937976837158,389836000,AMZN,2.9275553,2.934375047683716,0.22343707084655762,0.0
1999-06-08,3.0,3.034374952316284,2.7593750953674316,2.789062976837158,2.789062976837158,276888000,AMZN,3.1108294,2.8499999046325684,0.060936927795410156,0.0
1999-06-11,2.878124952316284,2.924999952316284,2.6187500953674316,2.645313024520874,2.645313024520874,277732000,AMZN,2.72517,2.299999952316284,-0.34531307220458984,0.0
1999-06-16,2.53281307220459,2.825000047683716,2.5250000953674316,2.7921879291534424,2.7921879291534424,434144000,AMZN,2.938766,2.8234379291534424,0.03125,0.0
1999-06-22,3.07968807220459,3.237499952316284,2.9124999046325684,2.9375,2.9375,334588000,AMZN,3.1733477,2.9437499046325684,0.006249904632568359,0.0
1999-06-30,2.9124999046325684,3.231250047683716,2.875,3.128124952316284,3.128124952316284,338124000,AMZN,3.2362504,3.059375047683716,-0.06874990463256836,0.0
1999-07-15,3.375,3.5374999046325684,3.3343749046325684,3.489063024520874,3.489063024520874,455260000,AMZN,3.584107,3.440624952316284,-0.048438072204589844,0.0
1999-07-28,2.5496089458465576,2.653125047683716,2.4906249046325684,2.643749952316284,2.643749952316284,515672000,AMZN,2.928473,2.539062976837158,-0.10468697547912598,0.0
1999-08-02,2.4593749046325684,2.5531249046325684,2.348438024520874,2.3499999046325684,2.3499999046325684,339356000,AMZN,2.8636367,2.371875047683716,0.02187514305114746,0.0
1999-08-05,2.18906307220459,2.450000047683716,2.049999952316284,2.4312500953674316,2.4312500953674316,750340000,AMZN,2.4791124,2.239063024520874,-0.19218707084655762,0.0
1999-08-10,2.1343750953674316,2.304687976837158,2.049999952316284,2.2750000953674316,2.2750000953674316,463900000,AMZN,2.43609,2.273437976837158,-0.0015621185302734375,0.0
1999-08-11,2.309375047683716,2.3812499046325684,2.129688024520874,2.273437976837158,2.273437976837158,513100000,AMZN,2.3687334,2.293750047683716,0.020312070846557617,0.0
1999-08-12,2.2750000953674316,2.393749952316284,2.234375,2.293750047683716,2.293750047683716,262816000,AMZN,2.4967554,2.4359378814697266,0.14218783378601074,0.0
1999-08-23,2.898437976837158,3.012500047683716,2.893749952316284,2.9593749046325684,2.9593749046325684,384120000,AMZN,3.073253,3.00156307220459,0.042188167572021484,0.0
1999-08-30,3.18906307220459,3.25,2.9468750953674316,2.981250047683716,2.981250047683716,369888000,AMZN,3.1733,3.109375,0.12812495231628418,0.0
1999-08-31,2.9593749046325684,3.117187976837158,2.804687976837158,3.109375,3.109375,655848000,AMZN,3.0478404,2.976562976837158,0.0,0.1328120231628418
1999-09-03,3.1812500953674316,3.200000047683716,3.03125,3.121875047683716,3.121875047683716,328718000,AMZN,3.4346824,3.1468749046325684,0.02499985694885254,0.0
1999-09-10,3.296875,3.4000000953674316,3.2437500953674316,3.325000047683716,3.325000047683716,248418000,AMZN,3.6280975,3.1656250953674316,-0.15937495231628418,0.0
1999-09-29,3.325000047683716,4.25,3.2874999046325684,4.037499904632568,4.037499904632568,1587488000,AMZN,3.9455693,3.9968750476837154,0.0,0.04062485694885298
1999-10-01,3.8499999046325684,3.9625000953674316,3.832813024520874,3.862499952316284,3.862499952316284,208606000,AMZN,4.2680073,3.8531250953674316,-0.009374856948852539,0.0
1999-10-04,3.971874952316284,3.987499952316284,3.7874999046325684,3.8531250953674316,3.8531250953674316,195148000,AMZN,4.443362,3.921875,0.06874990463256836,0.0
1999-10-05,3.856250047683716,3.987499952316284,3.737499952316284,3.921875,3.921875,328402000,AMZN,4.238576,4.121874809265137,0.19999980926513672,0.0
1999-10-13,4.125,4.25,3.9781250953674316,3.996875047683716,3.996875047683716,231236000,AMZN,3.9405196,3.979687929153443,0.0,0.017187118530272993
1999-10-15,3.793750047683716,3.8531250953674316,3.6968750953674316,3.753124952316284,3.753124952316284,243738000,AMZN,3.697918,3.703125,0.0,0.04999995231628418
1999-10-20,3.9156250953674316,4.03125,3.817188024520874,4.025000095367432,4.025000095367432,154710000,AMZN,4.385426,4.037499904632568,0.012499809265136719,0.0
1999-11-17,3.8968749046325684,4.0,3.7718749046325684,3.825000047683716,3.825000047683716,133148000,AMZN,3.9210534,3.896874904632568,0.0718748569488521,0.0
1999-11-18,3.8375000953674316,3.909374952316284,3.762500047683716,3.8968749046325684,3.8968749046325684,116208000,AMZN,4.041967,3.896874904632568,-4.440892098500626e-16,0.0
1999-12-13,5.331250190734863,5.331250190734863,5.074999809265137,5.125,5.125,173074000,AMZN,5.3108435,4.78125,-0.34375,0.0
1999-12-22,5.028124809265137,5.028124809265137,4.775000095367432,4.884375095367432,4.884375095367432,118420000,AMZN,5.1208577,4.5,-0.38437509536743164,0.0
1999-12-23,4.900000095367432,4.949999809265137,4.453125,4.5,4.5,258292000,AMZN,4.665944,4.056250095367432,-0.44374990463256836,0.0
2000-01-03,4.074999809265137,4.478125095367432,3.9523439407348633,4.46875,4.46875,322352000,AMZN,4.7875395,4.096875190734863,-0.3718748092651367,0.0
2000-01-13,3.246875047683716,3.359375,3.15625,3.296875,3.296875,208962000,AMZN,3.5077143,3.212500095367431,-0.0843749046325688,0.0
2000-01-14,3.3375000953674316,3.4312500953674316,3.200000047683716,3.2125000953674316,3.2125000953674316,137072000,AMZN,3.5423176,3.206249952316284,-0.006250143051147461,0.0
2000-01-21,3.231250047683716,3.231250047683716,3.0,3.1031250953674316,3.1031250953674316,229238000,AMZN,2.9994612,3.5062499046325684,0.0,-0.4031248092651367
2000-02-17,3.5625,3.565624952316284,3.4000000953674316,3.450000047683716,3.450000047683716,122592000,AMZN,3.5800998,3.237499952316284,-0.21250009536743164,0.0
2000-02-23,3.2437500953674316,3.5875000953674316,3.234375,3.5218749046325684,3.5218749046325684,168824000,AMZN,3.7870493,3.421875,-0.09999990463256836,0.0
2000-03-03,3.1624999046325684,3.237499952316284,3.1031250953674316,3.125,3.125,121190000,AMZN,3.2011912,3.1968750953674316,0.07187509536743164,0.0
2000-03-06,3.143749952316284,3.362499952316284,3.140625,3.1968750953674316,3.1968750953674316,153316000,AMZN,3.3729894,3.174999952316284,-0.02187514305114746,0.0
2000-03-17,3.3031249046325684,3.3187499046325684,3.2249999046325684,3.2406249046325684,3.2406249046325684,105970000,AMZN,3.357164,3.209374904632569,-0.031249999999999556,0.0
2000-03-24,3.731250047683716,3.762500047683716,3.565624952316284,3.6343750953674316,3.6343750953674316,194920000,AMZN,4.0201206,3.65625,0.02187490463256836,0.0
2000-03-31,3.3375000953674316,3.356250047683716,3.1500000953674316,3.3499999046325684,3.3499999046325684,102310000,AMZN,3.4691935,3.1781249046325684,-0.171875,0.0
2000-04-03,3.2718749046325684,3.284374952316284,3.0999999046325684,3.1781249046325684,3.1781249046325684,97308000,AMZN,3.2966623,3.1968750953674316,0.01875019073486328,0.0
2000-04-06,3.171875,3.2750000953674316,3.09375,3.2125000953674316,3.2125000953674316,120654000,AMZN,3.5747938,3.3781249523162837,0.1656248569488521,0.0
2000-04-26,2.6656250953674316,2.871875047683716,2.6226561069488525,2.674999952316284,2.674999952316284,240128000,AMZN,2.919589,2.643749952316284,-0.03125,0.0
2000-05-08,2.840625047683716,2.9625000953674316,2.7718749046325684,2.800781011581421,2.800781011581421,79000000,AMZN,3.0203602,2.8125,0.011718988418579102,0.0
2000-05-11,2.6968750953674316,2.7874999046325684,2.546875,2.7437500953674316,2.7437500953674316,111616000,AMZN,2.7502458,2.6875,-0.05625009536743164,0.0
2000-05-12,2.734375,2.825000047683716,2.65625,2.6875,2.6875,79392000,AMZN,2.839696,2.8031249046325684,0.11562490463256836,0.0
2000-05-19,2.731250047683716,2.7874999046325684,2.612499952316284,2.6312499046325684,2.6312499046325684,92218000,AMZN,2.6980534,2.59375,-0.03749990463256836,0.0
2000-05-30,2.3656249046325684,2.59375,2.3656249046325684,2.5875000953674316,2.5875000953674316,112264000,AMZN,2.933776,2.4156250953674316,-0.171875,0.0
2000-06-07,2.59375,2.609375,2.5062499046325684,2.590625047683716,2.590625047683716,76824000,AMZN,2.6158752,2.59375,0.0031249523162841797,0.0
2000-06-09,2.596874952316284,2.6624999046325684,2.59375,2.609375,2.609375,38446000,AMZN,2.749811,2.421875,-0.1875,0.0
2000-07-06,1.84375,1.868749976158142,1.7374999523162842,1.803125023841858,1.803125023841858,135342000,AMZN,1.9415351,1.8062499761581419,0.0031249523162839576,0.0
2000-07-11,1.759374976158142,1.7625000476837158,1.631250023841858,1.65625,1.65625,197930000,AMZN,1.5995209,1.7531249523162842,0.0,-0.09687495231628418
2000-07-19,2.075000047683716,2.078125,1.9500000476837158,2.043750047683716,2.043750047683716,94874000,AMZN,2.2208166,2.015625,-0.02812504768371582,0.0
2000-07-20,2.046875,2.168750047683716,1.975000023841858,2.015625,2.015625,138914000,AMZN,2.235066,2.0562500953674316,0.04062509536743164,0.0
2000-07-25,1.837499976158142,1.9375,1.662500023841858,1.881250023841858,1.881250023841858,555050000,AMZN,1.7198296,1.803125023841858,0.0,0.078125
2000-08-08,1.662500023841858,1.6687500476837158,1.6218750476837158,1.646875023841858,1.646875023841858,101012000,AMZN,1.7212954,1.5437500476837158,-0.10312497615814209,0.0
2000-08-16,1.8781249523162842,1.993749976158142,1.8765629529953003,1.931249976158142,1.931249976158142,196664000,AMZN,2.1533496,1.912500023841858,-0.01874995231628418,0.0
2000-08-17,1.899999976158142,1.953125,1.84375,1.912500023841858,1.912500023841858,99482000,AMZN,2.0378137,1.9500000476837158,0.03750002384185791,0.0
2000-09-20,2.0218749046325684,2.0250000953674316,1.868749976158142,1.875,1.875,194896000,AMZN,1.9633636,2.003124952316284,0.12812495231628418,0.0
2000-09-21,1.8718750476837158,2.0250000953674316,1.8624999523162842,2.003124952316284,2.003124952316284,148512000,AMZN,2.1042497,2.0718750953674316,0.06875014305114746,0.0
2000-09-29,1.9500000476837158,2.0625,1.881250023841858,1.921875,1.921875,130342000,AMZN,2.1917396,1.7937500476837158,-0.12812495231628418,0.0
2000-10-05,1.759374976158142,1.8312499523162842,1.600000023841858,1.678125023841858,1.678125023841858,139326000,AMZN,1.8178927,1.578125,-0.10000002384185791,0.0
2000-10-13,1.212499976158142,1.443750023841858,1.1749999523162842,1.421875,1.421875,152668000,AMZN,1.5590843,1.2156250476837158,-0.20624995231628418,0.0
2000-10-16,1.40625,1.415624976158142,1.2062499523162842,1.2156250476837158,1.2156250476837158,142954000,AMZN,1.4808209,1.0968749523162842,-0.11875009536743164,0.0
2000-11-08,1.7999999523162842,1.850000023841858,1.662500023841858,1.693750023841858,1.693750023841858,116706000,AMZN,1.790204,1.5625,-0.1312500238418579,0.0
2000-11-10,1.537500023841858,1.59375,1.5,1.5031249523162842,1.5031249523162842,105112000,AMZN,1.6042638,1.390625,-0.11249995231628418,0.0
2000-11-24,1.321094036102295,1.4562499523162842,1.303125023841858,1.446874976158142,1.446874976158142,152786000,AMZN,1.5825543,1.399999976158142,-0.046875,0.0
2000-12-06,1.234375,1.2999999523162842,1.181249976158142,1.181249976158142,1.181249976158142,176516000,AMZN,1.309577,1.068750023841858,-0.11249995231628418,0.0
2000-12-07,1.1531250476837158,1.171875,1.006250023841858,1.068750023841858,1.068750023841858,212950000,AMZN,1.1660901,1.171875,0.10312497615814209,0.0
2001-01-11,0.7875000238418579,0.8656250238418579,0.78125,0.8500000238418579,0.8500000238418579,255132000,AMZN,1.1746345,0.8843749761581421,0.03437495231628418,0.0
2001-01-16,0.9156249761581421,0.918749988079071,0.862500011920929,0.903124988079071,0.903124988079071,120340000,AMZN,1.1941988,0.918749988079071,0.015625,0.0
2001-02-09,0.715624988079071,0.737500011920929,0.668749988079071,0.668749988079071,0.668749988079071,149080000,AMZN,0.992573,0.7250000238418579,0.056250035762786865,0.0
2001-02-23,0.59375,0.6031249761581421,0.5531250238418579,0.590624988079071,0.590624988079071,102998000,AMZN,0.78958875,0.596875011920929,0.00625002384185791,0.0
2001-03-01,0.4937500059604645,0.534375011920929,0.47968798875808716,0.5218750238418579,0.5218750238418579,219934000,AMZN,0.5587311,0.5,-0.02187502384185791,0.0
2001-03-05,0.6187499761581421,0.653124988079071,0.574999988079071,0.6312500238418579,0.6312500238418579,470014000,AMZN,0.8530217,0.59375,-0.03750002384185791,0.0
2001-03-06,0.653905987739563,0.699999988079071,0.5625,0.59375,0.59375,463830000,AMZN,0.55043703,0.612500011920929,0.0,-0.018750011920928955
2001-03-09,0.5718749761581421,0.625,0.5687500238418579,0.612500011920929,0.612500011920929,177134000,AMZN,1.0061522,0.53125,-0.08125001192092896,0.0
2001-03-13,0.5406249761581421,0.5531250238418579,0.5249999761581421,0.550000011920929,0.550000011920929,66614000,AMZN,0.8098413,0.53125,-0.018750011920928955,0.0
2001-03-16,0.53125,0.5531250238418579,0.512499988079071,0.550000011920929,0.550000011920929,139684000,AMZN,0.5985033,0.5249999761581421,-0.025000035762786865,0.0
2001-03-21,0.518750011920929,0.5218750238418579,0.5,0.5,0.5,110132000,AMZN,0.64107597,0.5093749761581421,0.00937497615814209,0.0
2001-03-23,0.528124988079071,0.5406249761581421,0.49687498807907104,0.5093749761581421,0.5093749761581421,75088000,AMZN,0.7170275,0.546999990940094,0.037625014781951904,0.0
2001-04-10,0.5619999766349792,0.675000011920929,0.5600000023841858,0.6004999876022339,0.6004999876022339,377208000,AMZN,0.5960157,0.6660000085830688,0.0,-0.06550002098083496
2001-04-12,0.6524999737739563,0.7505000233650208,0.6499999761581421,0.7335000038146973,0.7335000038146973,230600000,AMZN,0.99383616,0.7014999985694885,-0.03200000524520874,0.0
2001-04-16,0.7250000238418579,0.7269999980926514,0.6825000047683716,0.7014999985694885,0.7014999985694885,126202000,AMZN,0.97053295,0.7369999885559082,0.03549998998641968,0.0
2001-04-17,0.690500020980835,0.7434999942779541,0.6875,0.7369999885559082,0.7369999885559082,101470000,AMZN,1.0246708,0.8270000219345093,0.09000003337860107,0.0
2001-04-18,0.7829999923706055,0.9079999923706055,0.7774999737739563,0.8270000219345093,0.8270000219345093,391100000,AMZN,1.1244917,0.7994999885559082,-0.027500033378601074,0.0
2001-05-02,0.8569999933242798,0.8715000152587891,0.8420000076293945,0.8554999828338623,0.8554999828338623,149944000,AMZN,1.0802804,0.8374999761581421,-0.018000006675720215,0.0
2001-05-09,0.7774999737739563,0.7829999923706055,0.75,0.7505000233650208,0.7505000233650208,93420000,AMZN,0.8583306,0.7310000061988831,-0.019500017166137695,0.0
2001-05-31,0.7919999957084656,0.8600000143051147,0.7875000238418579,0.8345000147819519,0.8345000147819519,192640000,AMZN,0.9991183,0.8475000262260437,0.013000011444091797,0.0
2001-06-05,0.8529999852180481,0.8960000276565552,0.800000011920929,0.8220000267028809,0.8220000267028809,255162000,AMZN,1.014619,0.7994999885559082,-0.022500038146972656,0.0
2001-06-15,0.6504999995231628,0.6729999780654907,0.6150000095367432,0.6244999766349792,0.6244999766349792,153432000,AMZN,0.7534392,0.5914999842643738,-0.03299999237060547,0.0
2001-06-25,0.6355000138282776,0.6570000052452087,0.6284999847412109,0.640500009059906,0.640500009059906,138940000,AMZN,0.8943729,0.6625000238418579,0.022000014781951904,0.0
2001-07-02,0.7049999833106995,0.7354999780654907,0.6924999952316284,0.7264999747276306,0.7264999747276306,126690000,AMZN,0.88376695,0.7064999938011169,-0.019999980926513672,0.0
2001-07-12,0.7850000262260437,0.8270000219345093,0.7850000262260437,0.8245000243186951,0.8245000243186951,119530000,AMZN,1.0701572,0.8489999771118164,0.024499952793121338,0.0
2001-07-16,0.847000002861023,0.8709999918937683,0.8004999756813049,0.8004999756813049,0.8004999756813049,146316000,AMZN,0.99003774,0.8174999952316284,0.017000019550323486,0.0
2001-07-17,0.7919999957084656,0.8245000243186951,0.7914999723434448,0.8174999952316284,0.8174999952316284,74124000,AMZN,0.9663085,0.7979999780654907,-0.019500017166137695,0.0
2001-07-26,0.5835000276565552,0.637499988079071,0.5615000128746033,0.6165000200271606,0.6165000200271606,210050000,AMZN,0.9923317,0.612500011920929,-0.0040000081062316895,0.0
2001-08-01,0.6365000009536743,0.6430000066757202,0.6085000038146973,0.625,0.625,110212000,AMZN,0.94376194,0.609499990940094,-0.015500009059906006,0.0
2001-08-09,0.5569999814033508,0.5584999918937683,0.512499988079071,0.5230000019073486,0.5230000019073486,120980000,AMZN,0.5912162,0.49750000238418585,-0.025499999523162786,0.0
2001-08-13,0.5049999952316284,0.5149999856948853,0.4884999990463257,0.5059999823570251,0.5059999823570251,96630000,AMZN,0.62152946,0.5264999866485596,0.020500004291534424,0.0
2001-08-24,0.492000013589859,0.5149999856948853,0.4860000014305115,0.5115000009536743,0.5115000009536743,75598000,AMZN,0.6710764,0.5065000057220459,-0.004999995231628418,0.0
2001-08-31,0.4350000023841858,0.4650000035762787,0.4345000088214874,0.44699999690055847,0.44699999690055847,72832000,AMZN,0.57542646,0.429500013589859,-0.017499983310699463,0.0
2001-09-18,0.37950000166893005,0.38749998807907104,0.36250001192092896,0.3644999861717224,0.3644999861717224,125418000,AMZN,0.556449,0.36550000309944153,0.0010000169277191162,0.0
2001-09-20,0.3555000126361847,0.38199999928474426,0.35249999165534973,0.37400001287460327,0.37400001287460327,172618000,AMZN,0.5706657,0.37400001287460327,0.0,0.0
2001-09-25,0.37450000643730164,0.3785000145435333,0.35100001096725464,0.3544999957084656,0.3544999957084656,97262000,AMZN,0.6272585,0.3174999952316284,-0.03700000047683716,0.0
2001-10-03,0.3084999918937683,0.3605000078678131,0.3009999990463257,0.33799999952316284,0.33799999952316284,106470000,AMZN,0.5774225,0.35199999809265137,0.013999998569488525,0.0
2001-10-05,0.34850001335144043,0.39500001072883606,0.3370000123977661,0.36000001430511475,0.36000001430511475,118018000,AMZN,0.5153183,0.35600000619888306,-0.0040000081062316895,0.0
2001-10-10,0.3449999988079071,0.36550000309944153,0.3400000035762787,0.3630000054836273,0.3630000054836273,61660000,AMZN,0.54013497,0.3925000131130219,0.029500007629394587,0.0
2001-10-31,0.3395000100135803,0.35100001096725464,0.32749998569488525,0.3490000069141388,0.3490000069141388,154830000,AMZN,0.5256918,0.3474999964237213,-0.0015000104904174805,0.0
2001-11-13,0.3720000088214874,0.3765000104904175,0.36000001430511475,0.3644999861717224,0.3644999861717224,122726000,AMZN,0.5934029,0.47450000047683716,0.11000001430511475,0.0
2001-11-21,0.43700000643730164,0.44850000739097595,0.4020000100135803,0.4399999976158142,0.4399999976158142,179932000,AMZN,0.7045536,0.45399999618530273,0.013999998569488525,0.0
2001-11-26,0.49149999022483826,0.6110000014305115,0.49000000953674316,0.6104999780654907,0.6104999780654907,1013784000,AMZN,0.9059381,0.5740000009536743,-0.036499977111816406,0.0
2001-11-27,0.6025000214576721,0.612500011920929,0.5609999895095825,0.5740000009536743,0.5740000009536743,686176000,AMZN,0.36736265,0.5795000195503235,0.0,-0.00550001859664917
2001-11-28,0.5619999766349792,0.6200000047683716,0.5590000152587891,0.5795000195503235,0.5795000195503235,970324000,AMZN,0.7547858,0.5575000047683716,-0.022000014781951904,0.0
2001-11-29,0.5945000052452087,0.5950000286102295,0.5394999980926514,0.5575000047683716,0.5575000047683716,405480000,AMZN,0.6173199,0.5659999847412109,0.008499979972839355,0.0
2001-12-05,0.6200000047683716,0.6399999856948853,0.5874999761581421,0.5879999995231628,0.5879999995231628,478244000,AMZN,0.9397817,0.6050000190734863,0.017000019550323486,0.0
2001-12-10,0.5774999856948853,0.6075000166893005,0.5720000267028809,0.5824999809265137,0.5824999809265137,170318000,AMZN,0.84603846,0.6119999885559082,0.02950000762939453,0.0
2001-12-12,0.6215000152587891,0.6215000152587891,0.5814999938011169,0.5954999923706055,0.5954999923706055,161502000,AMZN,0.5898696,0.5444999933242798,0.0,0.050999999046325684
2001-12-14,0.5550000071525574,0.5600000023841858,0.5034999847412109,0.550000011920929,0.550000011920929,200492000,AMZN,0.6769246,0.5404999852180481,-0.00950002670288086,0.0
2001-12-17,0.5550000071525574,0.5569999814033508,0.5090000033378601,0.5404999852180481,0.5404999852180481,171986000,AMZN,0.6906914,0.5429999828338623,0.002499997615814209,0.0
2001-12-28,0.5454999804496765,0.5540000200271606,0.534500002861023,0.5450000166893005,0.5450000166893005,205158000,AMZN,0.74038434,0.5410000085830688,-0.0040000081062316895,0.0
2002-01-02,0.546500027179718,0.550000011920929,0.5239999890327454,0.5479999780654907,0.5479999780654907,130392000,AMZN,0.8260481,0.5950000286102295,0.04700005054473877,0.0
2002-02-01,0.703499972820282,0.7045000195503235,0.6675000190734863,0.6865000128746033,0.6865000128746033,156028000,AMZN,1.0789905,0.6265000104904175,-0.06000000238418579,0.0
2002-02-05,0.5989999771118164,0.6144999861717224,0.5580000281333923,0.574999988079071,0.574999988079071,286314000,AMZN,0.60586786,0.5630000233650208,-0.011999964714050293,0.0
2002-02-22,0.6524999737739563,0.6614999771118164,0.6349999904632568,0.6535000205039978,0.6535000205039978,157308000,AMZN,0.75849485,0.6865000128746033,0.03299999237060547,0.0
2002-02-25,0.6545000076293945,0.6869999766349792,0.6499999761581421,0.6865000128746033,0.6865000128746033,114694000,AMZN,0.85024506,0.7200000286102295,0.03350001573562622,0.0
2002-02-26,0.6754999756813049,0.7245000004768372,0.6725000143051147,0.7200000286102295,0.7200000286102295,166210000,AMZN,0.93135655,0.7135000228881836,-0.0065000057220458984,0.0
2002-02-28,0.7145000100135803,0.737500011920929,0.6965000033378601,0.7049999833106995,0.7049999833106995,121048000,AMZN,0.87667054,0.7695000171661377,0.06450003385543823,0.0
2002-03-06,0.7409999966621399,0.8295000195503235,0.7409999966621399,0.8165000081062317,0.8165000081062317,285254000,AMZN,0.9398294,0.7810000181198121,-0.03549998998641957,0.0
2002-03-11,0.8019999861717224,0.843999981880188,0.7929999828338623,0.8355000019073486,0.8355000019073486,132494000,AMZN,1.0574658,0.8155000209808348,-0.019999980926513783,0.0
2002-03-12,0.8174999952316284,0.8295000195503235,0.8019999861717224,0.815500020980835,0.815500020980835,112382000,AMZN,1.0971785,0.7870000004768372,-0.028500020503997803,0.0
2002-03-26,0.7319999933242798,0.7724999785423279,0.7275000214576721,0.7415000200271606,0.7415000200271606,98502000,AMZN,0.9549339,0.7124999761581421,-0.029000043869018555,0.0
2002-03-28,0.7200000286102295,0.7325000166893005,0.7124999761581421,0.7149999737739563,0.7149999737739563,62450000,AMZN,0.852828,0.7400000095367432,0.025000035762786865,0.0
2002-04-08,0.6485000252723694,0.6980000138282776,0.6480000019073486,0.6974999904632568,0.6974999904632568,105556000,AMZN,0.88705003,0.6800000071525574,-0.017499983310699463,0.0
2002-04-09,0.703499972820282,0.7294999957084656,0.6779999732971191,0.6800000071525574,0.6800000071525574,129180000,AMZN,0.89173925,0.6740000247955322,-0.0059999823570251465,0.0
2002-04-30,0.8065000176429749,0.8379999995231628,0.796500027179718,0.8345000147819519,0.8345000147819519,128416000,AMZN,1.1059074,0.8245000243186951,-0.009999990463256836,0.0
2002-05-01,0.8274999856948853,0.8525000214576721,0.8209999799728394,0.8245000243186951,0.8245000243186951,154026000,AMZN,1.1251769,0.8159999847412109,-0.00850003957748413,0.0
2002-05-03,0.8115000128746033,0.8199999928474426,0.7875000238418579,0.8025000095367432,0.8025000095367432,103220000,AMZN,1.0688909,0.8059999942779541,0.0034999847412109375,0.0
2002-05-13,0.8585000038146973,0.8815000057220459,0.8424999713897705,0.8659999966621399,0.8659999966621399,134002000,AMZN,1.063448,0.9405000209808348,0.07450002431869496,0.0
2002-05-15,0.9340000152587891,1.0199999809265137,0.9175000190734863,0.996999979019165,0.996999979019165,257962000,AMZN,1.109405,0.9804999828338623,-0.016499996185302734,0.0
2002-05-28,0.9785000085830688,0.9804999828338623,0.9384999871253967,0.953000009059906,0.953000009059906,79066000,AMZN,1.1471007,0.9455000162124634,-0.007499992847442627,0.0
2002-06-17,0.8475000262260437,0.9240000247955322,0.8429999947547913,0.9204999804496765,0.9204999804496765,181032000,AMZN,1.0603466,0.9390000104904174,0.018500030040740856,0.0
2002-06-20,0.9160000085830688,0.9190000295639038,0.8669999837875366,0.8774999976158142,0.8774999976158142,173940000,AMZN,1.0526574,0.8765000104904175,-0.0009999871253967285,0.0
2002-06-26,0.734499990940094,0.796500027179718,0.734000027179718,0.7925000190734863,0.7925000190734863,165444000,AMZN,0.8233817,0.7929999828338624,0.0004999637603760876,0.0
2002-07-02,0.6800000071525574,0.7080000042915344,0.6499999761581421,0.6660000085830688,0.6660000085830688,173398000,AMZN,0.74044394,0.7124999761581421,0.04649996757507324,0.0
2002-07-08,0.7475000023841858,0.7925000190734863,0.734000027179718,0.746999979019165,0.746999979019165,117800000,AMZN,1.0435143,0.7799999713897705,0.03299999237060547,0.0
2002-07-09,0.7524999976158142,0.8015000224113464,0.7490000128746033,0.7799999713897705,0.7799999713897705,150572000,AMZN,0.9421442,0.7480000257492065,-0.031999945640563965,0.0
2002-07-15,0.7735000252723694,0.7990000247955322,0.75,0.796999990940094,0.796999990940094,120522000,AMZN,0.93365353,0.8144999742507935,0.017499983310699463,0.0
2002-07-24,0.6184999942779541,0.7080000042915344,0.6129999756813049,0.7049999833106995,0.7049999833106995,395326000,AMZN,0.7435423,0.6244999766349792,-0.08050000667572021,0.0
2002-07-26,0.6359999775886536,0.6554999947547913,0.625,0.6464999914169312,0.6464999914169312,111134000,AMZN,0.95706105,0.7164999842643738,0.06999999284744263,0.0
2002-08-19,0.7419999837875366,0.7760000228881836,0.7335000038146973,0.7749999761581421,0.7749999761581421,85542000,AMZN,0.95086133,0.7990000247955321,0.024000048637390026,0.0
2002-08-22,0.7664999961853027,0.7975000143051147,0.7459999918937683,0.7864999771118164,0.7864999771118164,137082000,AMZN,0.90325683,0.7584999799728394,-0.02799999713897705,0.0
2002-08-30,0.7455000281333923,0.7689999938011169,0.737500011920929,0.746999979019165,0.746999979019165,68794000,AMZN,0.9241529,0.7300000190734863,-0.01699995994567871,0.0
2002-09-03,0.7354999780654907,0.7515000104904175,0.7245000004768372,0.7300000190734863,0.7300000190734863,93604000,AMZN,0.93688,0.7415000200271606,0.011500000953674316,0.0
2002-09-05,0.7289999723434448,0.7360000014305115,0.7120000123977661,0.7124999761581421,0.7124999761581421,106404000,AMZN,0.8768999,0.765500009059906,0.053000032901763916,0.0
2002-09-09,0.7559999823570251,0.8324999809265137,0.753000020980835,0.8255000114440918,0.8255000114440918,176450000,AMZN,0.9975929,0.8565000295639039,0.031000018119812123,0.0
2002-09-10,0.8264999985694885,0.8675000071525574,0.8209999799728394,0.8565000295639038,0.8565000295639038,224976000,AMZN,0.9951232,0.8554999828338623,-0.001000046730041504,0.0
2002-09-12,0.8414999842643738,0.8565000295639038,0.8305000066757202,0.8374999761581421,0.8374999761581421,141302000,AMZN,1.0547428,0.8305000066757201,-0.006999969482421986,0.0
2002-09-13,0.8345000147819519,0.8495000004768372,0.824999988079071,0.8305000066757202,0.8305000066757202,73098000,AMZN,1.0338765,0.8355000019073486,0.004999995231628418,0.0
2002-09-20,0.8725000023841858,0.8820000290870667,0.7724999785423279,0.7929999828338623,0.7929999828338623,252112000,AMZN,0.98367417,0.8025000095367432,0.00950002670288086,0.0
2002-09-24,0.7935000061988831,0.8184999823570251,0.7799999713897705,0.796500027179718,0.796500027179718,141458000,AMZN,1.035238,0.7864999771118164,-0.010000050067901611,0.0
2002-10-07,0.8274999856948853,0.8479999899864197,0.8184999823570251,0.8320000171661377,0.8320000171661377,114962000,AMZN,0.99250746,0.8470000028610228,0.014999985694885143,0.0
2002-10-22,0.9505000114440918,0.9955000281333923,0.9449999928474426,0.968999981880188,0.968999981880188,172914000,AMZN,1.1972376,0.987500011920929,0.018500030040740967,0.0
2002-10-23,0.9760000109672546,0.9909999966621399,0.968500018119812,0.987500011920929,0.987500011920929,132962000,AMZN,1.1852255,0.9929999709129333,0.0054999589920043945,0.0
2002-10-25,0.9419999718666077,0.9679999947547913,0.9240000247955322,0.9649999737739563,0.9649999737739563,318000000,AMZN,1.0195109,0.9294999837875366,-0.03549998998641968,0.0
2002-11-04,0.9695000052452087,0.9904999732971191,0.9294999837875366,0.9390000104904175,0.9390000104904175,259270000,AMZN,1.1444492,0.9359999895095826,-0.00300002098083485,0.0
2002-11-08,0.9520000219345093,0.9829999804496765,0.940500020980835,0.9754999876022339,0.9754999876022339,140642000,AMZN,1.1607752,0.9499999880790709,-0.025499999523162953,0.0
2002-11-14,1.0494999885559082,1.0744999647140503,1.0475000143051147,1.0605000257492065,1.0605000257492065,263546000,AMZN,1.1479915,1.1104999780654907,0.04999995231628418,0.0
2002-11-18,1.1325000524520874,1.187000036239624,1.1074999570846558,1.121000051498413,1.121000051498413,506670000,AMZN,1.3406559,1.0644999742507935,-0.05650007724761963,0.0
2002-11-19,1.093999981880188,1.094499945640564,1.0614999532699585,1.0644999742507935,1.0644999742507935,245178000,AMZN,1.0746498,1.1449999809265137,0.08050000667572021,0.0
2002-11-20,1.0674999952316284,1.149999976158142,1.0609999895095825,1.1449999809265137,1.1449999809265137,265888000,AMZN,1.454324,1.1699999570846558,0.02499997615814209,0.0
2002-11-21,1.1664999723434448,1.1924999952316284,1.1605000495910645,1.1699999570846558,1.1699999570846558,225770000,AMZN,1.4558821,1.1994999647140503,0.02950000762939453,0.0
2002-12-05,1.1829999685287476,1.184000015258789,1.1100000143051147,1.128999948501587,1.128999948501587,212852000,AMZN,1.2398847,1.1304999589920044,0.0015000104904174805,0.0
2002-12-09,1.1115000247955322,1.1174999475479126,1.0800000429153442,1.0839999914169312,1.0839999914169312,149094000,AMZN,1.2755009,1.093000054359436,0.009000062942504883,0.0
2002-12-13,1.097499966621399,1.1174999475479126,1.093500018119812,1.1089999675750732,1.1089999675750732,77184000,AMZN,1.3102354,1.125499963760376,0.016499996185302734,0.0
2002-12-24,1.1089999675750732,1.1139999628067017,1.093999981880188,1.093999981880188,1.093999981880188,46972000,AMZN,1.2735615,1.0149999856948853,-0.07899999618530273,0.0
2003-01-03,0.9794999957084656,1.0264999866485596,0.9704999923706055,1.0260000228881836,1.0260000228881836,175140000,AMZN,1.2657173,1.034999966621399,0.008999943733215332,0.0
2003-01-07,1.0414999723434448,1.087499976158142,1.0299999713897705,1.0774999856948853,1.0774999856948853,191364000,AMZN,1.3024656,1.0509999990463257,-0.02649998664855957,0.0
2003-01-15,1.1295000314712524,1.1304999589920044,1.097000002861023,1.1134999990463257,1.1134999990463257,139788000,AMZN,1.2669923,1.090000033378601,-0.02349996566772461,0.0
2003-01-21,1.0625,1.0805000066757202,1.0180000066757202,1.0540000200271606,1.0540000200271606,125862000,AMZN,1.2554212,1.058500051498413,0.004500031471252441,0.0
2003-01-23,1.0770000219345093,1.1019999980926514,1.0575000047683716,1.0894999504089355,1.0894999504089355,219960000,AMZN,1.2691791,1.1054999828338623,0.016000032424926758,0.0
2003-02-03,1.097000002861023,1.121999979019165,1.090999960899353,1.1080000400543213,1.1080000400543213,103910000,AMZN,1.3357998,1.1024999618530273,-0.005500078201293945,0.0
2003-02-14,0.9994999766349792,1.0115000009536743,0.9854999780654907,1.003000020980835,1.003000020980835,132506000,AMZN,1.1156077,1.0694999694824219,0.06649994850158691,0.0
2003-02-21,1.0674999952316284,1.0915000438690186,1.0520000457763672,1.0889999866485596,1.0889999866485596,144156000,AMZN,1.2686131,1.0889999866485596,0.0,0.0
2003-03-07,1.1160000562667847,1.1519999504089355,1.1130000352859497,1.1484999656677246,1.1484999656677246,116968000,AMZN,1.2898606,1.1440000534057617,-0.004499912261962891,0.0
2003-03-20,1.3170000314712524,1.381500005722046,1.30649995803833,1.372499942779541,1.372499942779541,187524000,AMZN,1.5715493,1.3964999914169312,0.024000048637390137,0.0
2003-03-21,1.3854999542236328,1.3975000381469727,1.3519999980926514,1.3964999914169312,1.3964999914169312,213154000,AMZN,1.5903807,1.3114999532699585,-0.08500003814697266,0.0
2003-04-08,1.3394999504089355,1.340000033378601,1.3224999904632568,1.3259999752044678,1.3259999752044678,108072000,AMZN,1.4960029,1.253000020980835,-0.07299995422363281,0.0
2003-04-14,1.2400000095367432,1.2575000524520874,1.225000023841858,1.252500057220459,1.252500057220459,208342000,AMZN,1.4138606,1.256500005722046,0.003999948501586914,0.0
2003-04-21,1.2515000104904175,1.308500051498413,1.2450000047683716,1.2625000476837158,1.2625000476837158,142646000,AMZN,1.5229914,1.2790000438690186,0.016499996185302734,0.0
2003-04-23,1.3200000524520874,1.3274999856948853,1.2680000066757202,1.2714999914169312,1.2714999914169312,177002000,AMZN,1.4858081,1.25600004196167,-0.01549994945526123,0.0
2003-05-06,1.493499994277954,1.559000015258789,1.4900000095367432,1.5440000295639038,1.5440000295639038,279248000,AMZN,1.7587348,1.534999966621399,-0.009000062942504883,0.0
2003-05-12,1.5414999723434448,1.590000033378601,1.5334999561309814,1.5850000381469727,1.5850000381469727,144938000,AMZN,1.7482779,1.6475000381469724,0.06249999999999978,0.0
2003-06-05,1.7580000162124634,1.7920000553131104,1.7304999828338623,1.7760000228881836,1.7760000228881836,143874000,AMZN,1.9407843,1.6675000190734863,-0.10850000381469727,0.0
2003-06-19,1.7899999618530273,1.837499976158142,1.7690000534057617,1.774999976158142,1.774999976158142,119762000,AMZN,1.8932841,1.7519999742507935,-0.023000001907348633,0.0
2003-06-25,1.7649999856948853,1.80649995803833,1.7575000524520874,1.7695000171661377,1.7695000171661377,133180000,AMZN,1.96031,1.8359999656677248,0.06649994850158714,0.0
2003-07-08,1.937999963760376,2.0415000915527344,1.9375,2.0255000591278076,2.0255000591278076,242908000,AMZN,2.1259413,2.0250000953674316,-0.0004999637603759766,0.0
2003-07-09,2.0269999504089355,2.0364999771118164,1.993499994277954,2.0250000953674316,2.0250000953674316,156644000,AMZN,2.0972338,1.912500023841858,-0.11250007152557373,0.0
2003-07-16,1.9259999990463257,1.9259999990463257,1.8660000562667847,1.8839999437332153,1.8839999437332153,112512000,AMZN,2.1135716,1.815999984741211,-0.0679999589920044,0.0
2003-07-18,1.815999984741211,1.8424999713897705,1.7395000457763672,1.7489999532699585,1.7489999532699585,268058000,AMZN,1.9056418,1.7664999961853027,0.01750004291534424,0.0
2003-07-30,2.057499885559082,2.063499927520752,2.0225000381469727,2.0329999923706055,2.0329999923706055,143326000,AMZN,2.2779872,2.0820000171661377,0.04900002479553223,0.0
2003-08-05,1.9620000123977661,1.9924999475479126,1.93149995803833,1.933500051498413,1.933500051498413,136324000,AMZN,2.0703793,1.9470000267028806,0.013499975204467551,0.0
2003-08-07,1.9500000476837158,1.9670000076293945,1.9294999837875366,1.9505000114440918,1.9505000114440918,127910000,AMZN,2.0539103,1.9574999809265134,0.006999969482421653,0.0
2003-08-11,1.9494999647140503,1.9520000219345093,1.9175000190734863,1.9464999437332153,1.9464999437332153,104782000,AMZN,2.1552744,1.9924999475479128,0.04600000381469749,0.0
2003-08-12,1.9474999904632568,1.9980000257492065,1.9155000448226929,1.9924999475479126,1.9924999475479126,122570000,AMZN,2.1913226,2.010499954223633,0.018000006675720215,0.0
2003-08-18,2.0239999294281006,2.1619999408721924,2.0190000534057617,2.1510000228881836,2.1510000228881836,223484000,AMZN,2.2799356,2.178499937057495,0.027499914169311523,0.0
2003-08-19,2.172499895095825,2.2095000743865967,2.1459999084472656,2.178499937057495,2.178499937057495,209786000,AMZN,2.201404,2.187999963760376,0.00950002670288086,0.0
2003-08-26,2.2825000286102295,2.306999921798706,2.255500078201294,2.2964999675750732,2.2964999675750732,130848000,AMZN,2.514949,2.2939999103546143,-0.0025000572204589844,0.0
2003-09-10,2.312999963760376,2.3615000247955322,2.302999973297119,2.311000108718872,2.311000108718872,160058000,AMZN,2.5076354,2.259500026702881,-0.05150008201599121,0.0
2003-09-11,2.309999942779541,2.317500114440918,2.2385001182556152,2.259500026702881,2.259500026702881,232262000,AMZN,2.4411902,2.2839999198913574,0.024499893188476562,0.0
2003-10-01,2.4184999465942383,2.4639999866485596,2.375499963760376,2.4560000896453857,2.4560000896453857,251276000,AMZN,2.6294305,2.504499912261963,0.04849982261657715,0.0
2003-10-14,2.9049999713897705,2.999000072479248,2.890000104904175,2.995500087738037,2.995500087738037,199732000,AMZN,3.219835,2.927500009536743,-0.06800007820129395,0.0
2003-10-21,2.9865000247955322,3.057499885559082,2.950500011444092,2.9674999713897705,2.9674999713897705,342298000,AMZN,3.115054,2.7014999389648438,-0.26600003242492676,0.0
2003-11-03,2.740000009536743,2.8399999141693115,2.7155001163482666,2.8369998931884766,2.8369998931884766,182622000,AMZN,2.9850628,2.8429999351501465,0.006000041961669922,0.0
2003-11-06,2.8405001163482666,2.8434998989105225,2.737499952316284,2.749500036239624,2.749500036239624,175836000,AMZN,2.8253572,2.7155001163482666,-0.03399991989135742,0.0
2003-11-10,2.697499990463257,2.700000047683716,2.5869998931884766,2.5989999771118164,2.5989999771118164,182410000,AMZN,2.6854722,2.6115000247955322,0.01250004768371582,0.0
2003-11-11,2.5920000076293945,2.637500047683716,2.5380001068115234,2.6115000247955322,2.6115000247955322,218402000,AMZN,2.7324095,2.7065000534057617,0.09500002861022949,0.0
2003-11-17,2.5959999561309814,2.609499931335449,2.4790000915527344,2.5179998874664307,2.5179998874664307,259938000,AMZN,2.5664804,2.424999952316284,-0.09299993515014648,0.0
2003-12-05,2.559999942779541,2.634999990463257,2.559999942779541,2.578000068664551,2.578000068664551,150030000,AMZN,2.6938884,2.553999900817871,-0.024000167846679688,0.0
2003-12-08,2.577500104904175,2.609999895095825,2.50600004196167,2.553999900817871,2.553999900817871,167528000,AMZN,2.701092,2.4670000076293945,-0.08699989318847656,0.0
2003-12-09,2.558500051498413,2.5824999809265137,2.4649999141693115,2.4670000076293945,2.4670000076293945,209210000,AMZN,2.6185088,2.4600000381469727,-0.006999969482421875,0.0
2003-12-18,2.380500078201294,2.444499969482422,2.372499942779541,2.4375,2.4375,215014000,AMZN,2.5000443,2.4619998931884766,0.024499893188476562,0.0
2003-12-23,2.500999927520752,2.63100004196167,2.4885001182556152,2.624000072479248,2.624000072479248,220080000,AMZN,2.8235905,2.6659998893737793,0.04199981689453125,0.0
2003-12-24,2.615000009536743,2.694000005722046,2.6075000762939453,2.6659998893737793,2.6659998893737793,113196000,AMZN,2.8667083,2.6735000610351562,0.007500171661376953,0.0
2003-12-29,2.689500093460083,2.691999912261963,2.6064999103546143,2.6735000610351562,2.6735000610351562,161138000,AMZN,2.7883556,2.6414999961853027,-0.032000064849853516,0.0
2004-01-02,2.638000011444092,2.6565001010894775,2.571500062942505,2.5950000286102295,2.5950000286102295,132798000,AMZN,2.6776042,2.6635000705718994,0.06850004196166992,0.0
2004-01-22,2.8405001163482666,2.8910000324249268,2.812000036239624,2.8589999675750732,2.8589999675750732,213444000,AMZN,3.0409763,2.8554999828338623,-0.0034999847412109375,0.0
2004-02-11,2.2929999828338623,2.368000030517578,2.2769999504089355,2.3570001125335693,2.3570001125335693,157634000,AMZN,2.572382,2.3529999256134033,-0.004000186920166016,0.0
2004-02-13,2.364500045776367,2.384999990463257,2.312000036239624,2.319000005722046,2.319000005722046,108634000,AMZN,2.426625,2.2764999866485596,-0.04250001907348633,0.0
2004-02-17,2.306999921798706,2.322499990463257,2.240000009536743,2.2764999866485596,2.2764999866485596,220764000,AMZN,2.3009984,2.243499994277954,-0.03299999237060547,0.0
2004-02-19,2.257499933242798,2.308000087738037,2.2325000762939453,2.2325000762939453,2.2325000762939453,148850000,AMZN,2.351621,2.258500099182129,0.026000022888183594,0.0
2004-02-20,2.240000009536743,2.2690000534057617,2.2365000247955322,2.258500099182129,2.258500099182129,149506000,AMZN,2.3784754,2.198499917984009,-0.06000018119812012,0.0
2004-02-27,2.178499937057495,2.180000066757202,2.125999927520752,2.1505000591278076,2.1505000591278076,143272000,AMZN,2.316967,2.1484999656677246,-0.002000093460083008,0.0
2004-03-05,2.189500093460083,2.241499900817871,2.176500082015991,2.2044999599456787,2.2044999599456787,128530000,AMZN,2.3548443,2.174999952316284,-0.02950000762939453,0.0
2004-03-10,2.135999917984009,2.1600000858306885,2.072999954223633,2.077500104904175,2.077500104904175,138654000,AMZN,2.2102642,2.063999891281128,-0.013500213623046875,0.0
2004-03-12,2.067500114440918,2.130500078201294,2.065000057220459,2.121999979019165,2.121999979019165,124476000,AMZN,2.2772217,2.053999900817871,-0.06800007820129395,0.0
2004-03-17,2.1519999504089355,2.172499895095825,2.129499912261963,2.140000104904175,2.140000104904175,102146000,AMZN,2.3475187,2.1505000591278076,0.010499954223632812,0.0
2004-03-19,2.1514999866485596,2.1875,2.131500005722046,2.140000104904175,2.140000104904175,115098000,AMZN,2.3097095,2.0425000190734863,-0.09750008583068848,0.0
2004-03-25,2.0,2.109999895095825,2.0,2.0994999408721924,2.0994999408721924,142254000,AMZN,2.3155847,2.0850000381469727,-0.014499902725219727,0.0
2004-04-02,2.299999952316284,2.3125,2.262500047683716,2.304500102996826,2.304500102996826,162962000,AMZN,2.4699395,2.3480000495910645,0.04349994659423828,0.0
2004-04-12,2.4079999923706055,2.4184999465942383,2.378499984741211,2.3980000019073486,2.3980000019073486,86918000,AMZN,2.4986143,2.3289999961853027,-0.0690000057220459,0.0
2004-04-27,2.379499912261963,2.440000057220459,2.3394999504089355,2.4000000953674316,2.4000000953674316,179674000,AMZN,2.7151778,2.3485000133514404,-0.05150008201599121,0.0
2004-04-30,2.302999973297119,2.317500114440918,2.1654999256134033,2.180000066757202,2.180000066757202,196826000,AMZN,2.3203871,2.2204999923706055,0.04049992561340332,0.0
2004-05-13,2.122999906539917,2.2065000534057617,2.112499952316284,2.180500030517578,2.180500030517578,165224000,AMZN,2.376253,2.1524999141693115,-0.0280001163482666,0.0
2004-05-20,2.0824999809265137,2.0985000133514404,2.0399999618530273,2.0490000247955322,2.0490000247955322,118526000,AMZN,2.149191,2.058500051498413,0.00950002670288086,0.0
2004-05-21,2.063499927520752,2.0739998817443848,2.0274999141693115,2.058500051498413,2.058500051498413,105458000,AMZN,2.2006474,2.0815000534057617,0.023000001907348633,0.0
2004-05-25,2.0875000953674316,2.193000078201294,2.069499969482422,2.180999994277954,2.180999994277954,144440000,AMZN,2.331863,2.234499931335449,0.05349993705749512,0.0
2004-05-27,2.2634999752044678,2.3914999961853027,2.242500066757202,2.38100004196167,2.38100004196167,283504000,AMZN,2.5048647,2.424999952316284,0.04399991035461426,0.0
2004-06-09,2.5810000896453857,2.5915000438690186,2.500499963760376,2.51200008392334,2.51200008392334,131588000,AMZN,2.7094278,2.496999979019165,-0.015000104904174805,0.0
2004-06-16,2.504499912261963,2.5374999046325684,2.495500087738037,2.5285000801086426,2.5285000801086426,81952000,AMZN,2.6978686,2.4885001182556152,-0.039999961853027344,0.0
2004-06-24,2.549999952316284,2.5969998836517334,2.5344998836517334,2.5510001182556152,2.5510001182556152,135202000,AMZN,2.7706385,2.5899999141693115,0.03899979591369629,0.0
2004-06-30,2.680500030517578,2.734999895095825,2.6710000038146973,2.7200000286102295,2.7200000286102295,137982000,AMZN,2.8990357,2.628000020980835,-0.09200000762939453,0.0
2004-07-09,2.493499994277954,2.5,2.3910000324249268,2.4159998893737793,2.4159998893737793,160670000,AMZN,2.5632865,2.452500104904175,0.03650021553039551,0.0
2004-07-12,2.4110000133514404,2.4674999713897705,2.4014999866485596,2.452500104904175,2.452500104904175,141338000,AMZN,2.6351924,2.4800000190734863,0.027499914169311523,0.0
2004-07-20,2.306999921798706,2.3924999237060547,2.305999994277954,2.3494999408721924,2.3494999408721924,152526000,AMZN,2.5088239,2.23799991607666,-0.11150002479553223,0.0
2004-08-05,1.8704999685287476,1.8739999532699585,1.7690000534057617,1.780500054359436,1.780500054359436,168048000,AMZN,1.8454859,1.7745000123977661,-0.006000041961669922,0.0
2004-08-09,1.7669999599456787,1.815000057220459,1.7424999475479126,1.7660000324249268,1.7660000324249268,183344000,AMZN,1.8065926,1.8550000190734863,0.08899998664855957,0.0
2004-08-12,1.8125,1.8674999475479126,1.808500051498413,1.8144999742507935,1.8144999742507935,182362000,AMZN,2.0153089,1.8064999580383299,-0.008000016212463601,0.0
2004-08-17,1.9285000562667847,1.972000002861023,1.8949999809265137,1.9114999771118164,1.9114999771118164,223260000,AMZN,2.0813217,1.968000054359436,0.05650007724761963,0.0
2004-08-19,2.013000011444092,2.0239999294281006,1.8174999952316284,1.93149995803833,1.93149995803833,253922000,AMZN,1.9857047,1.9754999876022339,0.04400002956390381,0.0
2004-08-24,1.9859999418258667,1.996500015258789,1.9160000085830688,1.9524999856948853,1.9524999856948853,152808000,AMZN,2.0872624,2.015000104904175,0.06250011920928955,0.0
2004-08-31,1.9190000295639038,1.9424999952316284,1.8930000066757202,1.906999945640564,1.906999945640564,122864000,AMZN,1.9869082,1.9119999408721924,0.004999995231628418,0.0
2004-09-07,1.9574999809265137,1.968000054359436,1.905500054359436,1.9255000352859497,1.9255000352859497,116660000,AMZN,2.071559,1.9005000591278074,-0.024999976158142312,0.0
2004-09-15,2.1024999618530273,2.1589999198913574,2.0934998989105225,2.1105000972747803,2.1105000972747803,222716000,AMZN,2.172077,2.128499984741211,0.017999887466430664,0.0
2004-09-27,2.0455000400543213,2.05049991607666,1.9874999523162842,1.996500015258789,1.996500015258789,167948000,AMZN,2.20043,1.9715000391006468,-0.024999976158142312,0.0
2004-09-29,1.972499966621399,2.0460000038146973,1.968000054359436,2.0420000553131104,2.0420000553131104,198376000,AMZN,2.1658266,2.0429999828338623,0.0009999275207519531,0.0
2004-10-18,1.9114999771118164,1.9735000133514404,1.8945000171661377,1.9635000228881836,1.9635000228881836,161864000,AMZN,2.1279075,1.9164999723434446,-0.04700005054473899,0.0
2004-10-22,1.8109999895095825,1.840000033378601,1.649999976158142,1.7300000190734863,1.7300000190734863,670886000,AMZN,1.6282492,1.6985000371932983,0.0,0.03149998188018799
2004-10-25,1.7000000476837158,1.7204999923706055,1.6859999895095825,1.6985000371932983,1.6985000371932983,210636000,AMZN,1.6939732,1.691499948501587,0.0,0.007000088691711426
2004-10-26,1.7074999809265137,1.7130000591278076,1.6755000352859497,1.691499948501587,1.691499948501587,194850000,AMZN,2.0999,1.7115000486373901,0.020000100135803223,0.0
2004-11-03,1.8589999675750732,1.88100004196167,1.777999997138977,1.7960000038146973,1.7960000038146973,204164000,AMZN,1.9294188,1.8454999923706055,0.0494999885559082,0.0
2004-11-05,1.8650000095367432,1.8695000410079956,1.8009999990463257,1.8279999494552612,1.8279999494552612,147982000,AMZN,1.943114,1.8660000562667847,0.03800010681152344,0.0
2004-11-11,1.9045000076293945,1.9500000476837158,1.8819999694824219,1.941499948501587,1.941499948501587,136700000,AMZN,2.03044,2.0230000019073486,0.08150005340576172,0.0
2004-11-15,2.0230000019073486,2.075000047683716,2.009000062942505,2.0445001125335693,2.0445001125335693,207324000,AMZN,2.1792805,2.003499984741211,-0.0410001277923584,0.0
2004-11-19,1.9574999809265137,1.972000002861023,1.909500002861023,1.9275000095367432,1.9275000095367432,228550000,AMZN,1.9859251,1.9025000333786013,-0.024999976158141868,0.0
2004-11-22,1.9220000505447388,1.9264999628067017,1.878999948501587,1.902500033378601,1.902500033378601,177372000,AMZN,1.9465252,1.9155000448226929,0.013000011444091797,0.0
2004-11-29,1.9800000190734863,1.9809999465942383,1.8854999542236328,1.9470000267028809,1.9470000267028809,197482000,AMZN,2.182814,1.9839999675750732,0.03699994087219238,0.0
2004-12-06,1.9865000247955322,1.9989999532699585,1.9574999809265137,1.9744999408721924,1.9744999408721924,121760000,AMZN,2.0682104,1.909999966621399,-0.06449997425079346,0.0
2004-12-16,2.0429999828338623,2.049999952316284,1.9854999780654907,2.002500057220459,2.002500057220459,108298000,AMZN,2.1276572,2.000499963760376,-0.002000093460083008,0.0
2004-12-17,2.007999897003174,2.010999917984009,1.993499994277954,2.000499963760376,2.000499963760376,109720000,AMZN,2.1336186,1.9474999904632568,-0.05299997329711914,0.0
2005-01-04,2.133500099182129,2.1630001068115234,2.075000047683716,2.1070001125335693,2.1070001125335693,388370000,AMZN,2.1409028,2.0885000228881836,-0.018500089645385742,0.0
2005-01-14,2.1449999809265137,2.2330000400543213,2.118000030517578,2.2274999618530273,2.2274999618530273,250660000,AMZN,2.283618,2.2290000915527344,0.0015001296997070312,0.0
2005-01-19,2.2235000133514404,2.236999988555908,2.1714999675750732,2.197999954223633,2.197999954223633,147934000,AMZN,2.425466,2.118000030517578,-0.07999992370605469,0.0
2005-01-25,2.0320000648498535,2.072000026702881,2.0225000381469727,2.046999931335449,2.046999931335449,180558000,AMZN,2.2426689,2.066999912261963,0.019999980926513672,0.0
2005-01-26,2.059000015258789,2.0899999141693115,2.013000011444092,2.066999912261963,2.066999912261963,154298000,AMZN,2.2793458,2.115499973297119,0.04850006103515625,0.0
2005-01-28,2.1045000553131104,2.1500000953674316,2.0764999389648438,2.1110000610351562,2.1110000610351562,123048000,AMZN,2.3152242,2.1610000133514404,0.04999995231628418,0.0
2005-02-01,2.1500000953674316,2.1635000705718994,2.11899995803833,2.124000072479248,2.124000072479248,135230000,AMZN,2.2864482,2.0940001010894775,-0.029999971389770508,0.0
2005-02-02,2.1524999141693115,2.177000045776367,2.0429999828338623,2.0940001010894775,2.0940001010894775,526472000,AMZN,2.1808865,1.7875000238418577,-0.30650007724761985,0.0
2005-02-04,1.7825000286102295,1.7990000247955322,1.7595000267028809,1.7860000133514404,1.7860000133514404,346094000,AMZN,1.672657,1.7845000028610227,0.0,0.0015000104904177025
2005-02-09,1.8224999904632568,1.840000033378601,1.7934999465942383,1.7944999933242798,1.7944999933242798,158776000,AMZN,2.1787443,1.7890000343322754,-0.0054999589920043945,0.0
2005-02-24,1.6829999685287476,1.7424999475479126,1.6829999685287476,1.7345000505447388,1.7345000505447388,167784000,AMZN,1.8220278,1.749500036239624,0.014999985694885254,0.0
2005-02-28,1.7359999418258667,1.7829999923706055,1.7335000038146973,1.7589999437332153,1.7589999437332153,168458000,AMZN,1.9907514,1.7695000171661377,0.010500073432922363,0.0
2005-03-16,1.694000005722046,1.722000002861023,1.6799999475479126,1.69350004196167,1.69350004196167,107400000,AMZN,1.8444164,1.6985000371932983,0.004999995231628418,0.0
2005-03-24,1.6699999570846558,1.694000005722046,1.6434999704360962,1.6440000534057617,1.6440000534057617,106746000,AMZN,1.8277836,1.6694999933242798,0.025499939918518066,0.0
2005-05-05,1.6979999542236328,1.7089999914169312,1.6794999837875366,1.6979999542236328,1.6979999542236328,92338000,AMZN,1.9447318,1.72599995136261,0.027999997138977273,0.0
2005-05-12,1.684999942779541,1.7059999704360962,1.6775000095367432,1.6924999952316284,1.6924999952316284,120100000,AMZN,1.7619137,1.6950000524520874,0.0025000572204589844,0.0
2005-05-13,1.6994999647140503,1.7174999713897705,1.690000057220459,1.6950000524520874,1.6950000524520874,79836000,AMZN,1.8182353,1.7269999980926511,0.03199994564056374,0.0
2005-05-19,1.7684999704360962,1.7955000400543213,1.7664999961853027,1.7795000076293945,1.7795000076293945,106870000,AMZN,1.8888272,1.774999976158142,-0.004500031471252441,0.0
2005-05-24,1.7740000486373901,1.778499960899353,1.756500005722046,1.7769999504089355,1.7769999504089355,118292000,AMZN,1.8744467,1.762500047683716,-0.014499902725219505,0.0
2005-06-17,1.7944999933242798,1.8035000562667847,1.7580000162124634,1.7654999494552612,1.7654999494552612,96522000,AMZN,1.9455332,1.7845000028610227,0.019000053405761497,0.0
2005-06-29,1.684999942779541,1.7035000324249268,1.6634999513626099,1.6675000190734863,1.6675000190734863,96266000,AMZN,1.8039411,1.6545000076293945,-0.013000011444091797,0.0
2005-07-05,1.6749999523162842,1.7239999771118164,1.6725000143051147,1.7039999961853027,1.7039999961853027,147676000,AMZN,1.9296243,1.7029999494552612,-0.001000046730041504,0.0
2005-08-10,2.2695000171661377,2.2785000801086426,2.2295000553131104,2.23799991607666,2.23799991607666,198424000,AMZN,2.28705,2.260499954223633,0.022500038146972656,0.0
2005-08-11,2.2309999465942383,2.260499954223633,2.2249999046325684,2.260499954223633,2.260499954223633,116844000,AMZN,2.2736733,2.2100000381469727,-0.050499916076660156,0.0
2005-08-18,2.194000005722046,2.194999933242798,2.17549991607666,2.186500072479248,2.186500072479248,72086000,AMZN,2.4017608,2.186000108718872,-0.0004999637603759766,0.0
2005-08-22,2.180500030517578,2.2135000228881836,2.1470000743865967,2.188499927520752,2.188499927520752,107482000,AMZN,2.3262918,2.1710000038146973,-0.017499923706054688,0.0
2005-08-30,2.119499921798706,2.135499954223633,2.0980000495910645,2.124500036239624,2.124500036239624,77484000,AMZN,2.2901661,2.134999990463257,0.010499954223632812,0.0
2005-08-31,2.121999979019165,2.140500068664551,2.1019999980926514,2.134999990463257,2.134999990463257,67384000,AMZN,2.3094237,2.0920000076293945,-0.042999982833862305,0.0
2005-10-13,2.121500015258789,2.1489999294281006,2.0950000286102295,2.13100004196167,2.13100004196167,76656000,AMZN,2.2892544,2.189500093460083,0.058500051498413086,0.0
2005-10-14,2.1500000953674316,2.19350004196167,2.117000102996826,2.189500093460083,2.189500093460083,91552000,AMZN,2.4001253,2.250999927520752,0.061499834060668945,0.0
2005-10-28,1.9774999618530273,1.9824999570846558,1.9359999895095825,1.9474999904632568,1.9474999904632568,123184000,AMZN,2.3533847,1.9930000305175783,0.04550004005432151,0.0
2005-11-11,2.118499994277954,2.1519999504089355,2.112499952316284,2.134000062942505,2.134000062942505,79644000,AMZN,2.2317562,2.126499891281128,-0.007500171661376953,0.0
2005-11-29,2.4154999256134033,2.4714999198913574,2.4059998989105225,2.427500009536743,2.427500009536743,207688000,AMZN,2.630262,2.4230000972747803,-0.004499912261962891,0.0
2005-12-06,2.453000068664551,2.494999885559082,2.453000068664551,2.4630000591278076,2.4630000591278076,191628000,AMZN,2.552341,2.441499948501587,-0.021500110626220703,0.0
2005-12-12,2.4574999809265137,2.4649999141693115,2.431999921798706,2.4535000324249268,2.4535000324249268,68486000,AMZN,2.7129524,2.4749999046325684,0.0214998722076416,0.0
2005-12-19,2.44950008392334,2.5,2.4159998893737793,2.4184999465942383,2.4184999465942383,166174000,AMZN,2.48435,2.4070000648498535,-0.011499881744384766,0.0
2005-12-20,2.4230000972747803,2.430000066757202,2.384000062942505,2.4070000648498535,2.4070000648498535,110704000,AMZN,2.4431806,2.448499917984009,0.04149985313415527,0.0
2005-12-22,2.444999933242798,2.4639999866485596,2.4179999828338623,2.4609999656677246,2.4609999656677246,88436000,AMZN,2.61749,2.4609999656677246,0.0,0.0
2005-12-27,2.444999933242798,2.4549999237060547,2.4179999828338623,2.427999973297119,2.427999973297119,116374000,AMZN,2.6302977,2.4030001163482666,-0.02499985694885254,0.0
2006-01-11,2.2825000286102295,2.2850000858306885,2.2130000591278076,2.246500015258789,2.246500015258789,169944000,AMZN,2.389677,2.2179999351501465,-0.028500080108642578,0.0
2006-01-19,2.2244999408721924,2.26200008392334,2.2149999141693115,2.2225000858306885,2.2225000858306885,103138000,AMZN,2.3946047,2.196000099182129,-0.02649998664855957,0.0
2006-01-23,2.2090001106262207,2.237499952316284,2.174999952316284,2.186500072479248,2.186500072479248,115056000,AMZN,2.3459516,2.2009999752044678,0.014499902725219727,0.0
2006-01-26,2.197499990463257,2.239000082015991,2.189500093460083,2.2339999675750732,2.2339999675750732,97790000,AMZN,2.4037716,2.260999917984009,0.026999950408935547,0.0
2006-02-07,1.9045000076293945,1.909999966621399,1.8600000143051147,1.8760000467300415,1.8760000467300415,148072000,AMZN,2.350626,1.9084999561309814,0.03249990940093994,0.0
2006-02-22,1.9155000448226929,1.9550000429153442,1.8854999542236328,1.9359999895095825,1.9359999895095825,147138000,AMZN,1.993653,1.8949999809265137,-0.04100000858306885,0.0
2006-03-03,1.844499945640564,1.8914999961853027,1.8335000276565552,1.8604999780654907,1.8604999780654907,120898000,AMZN,1.9624908,1.843000054359436,-0.017499923706054688,0.0
2006-03-08,1.8359999656677246,1.8734999895095825,1.8305000066757202,1.840499997138977,1.840499997138977,124732000,AMZN,2.0022838,1.8059999942779543,-0.03450000286102273,0.0
2006-03-16,1.8539999723434448,1.8695000410079956,1.8370000123977661,1.8385000228881836,1.8385000228881836,96456000,AMZN,1.9798893,1.7994999885559082,-0.03900003433227539,0.0
2006-03-22,1.7999999523162842,1.8270000219345093,1.7894999980926514,1.7999999523162842,1.7999999523162842,86016000,AMZN,1.9672962,1.784000039100647,-0.015999913215637207,0.0
2006-03-28,1.7604999542236328,1.8009999990463257,1.7599999904632568,1.784500002861023,1.784500002861023,114544000,AMZN,1.9490904,1.815999984741211,0.03149998188018799,0.0
2006-04-05,1.8329999446868896,1.8669999837875366,1.8135000467300415,1.8669999837875366,1.8669999837875366,111190000,AMZN,2.027461,1.9255000352859497,0.058500051498413086,0.0
2006-04-12,1.7955000400543213,1.8220000267028809,1.7955000400543213,1.80649995803833,1.80649995803833,57116000,AMZN,1.9665097,1.830999970436096,0.02450001239776589,0.0
2006-04-24,1.805999994277954,1.805999994277954,1.7660000324249268,1.7894999980926514,1.7894999980926514,61752000,AMZN,1.9373821,1.777500033378601,-0.011999964714050293,0.0
2006-05-04,1.7309999465942383,1.7359999418258667,1.718999981880188,1.7235000133514404,1.7235000133514404,119958000,AMZN,1.924804,1.7519999742507935,0.028499960899353027,0.0
2006-05-05,1.7324999570846558,1.7519999742507935,1.7074999809265137,1.7519999742507935,1.7519999742507935,114818000,AMZN,1.9457328,1.7345000505447388,-0.017499923706054688,0.0
2006-05-15,1.627500057220459,1.6425000429153442,1.6104999780654907,1.6390000581741333,1.6390000581741333,86100000,AMZN,1.8089342,1.6380000114440918,-0.001000046730041504,0.0
2006-06-01,1.7315000295639038,1.7725000381469727,1.715000033378601,1.753499984741211,1.753499984741211,118640000,AMZN,1.918503,1.7380000352859495,-0.015499949455261453,0.0
2006-06-02,1.7595000267028809,1.7610000371932983,1.7024999856948853,1.7380000352859497,1.7380000352859497,108858000,AMZN,1.8729303,1.674499988555908,-0.06350004673004173,0.0
2006-06-20,1.750499963760376,1.7825000286102295,1.74399995803833,1.7740000486373901,1.7740000486373901,89310000,AMZN,1.9207463,1.8324999809265137,0.058499932289123535,0.0
2006-06-29,1.840999960899353,1.9285000562667847,1.8350000381469727,1.9259999990463257,1.9259999990463257,127450000,AMZN,2.0926576,1.934000015258789,0.008000016212463379,0.0
2006-06-30,1.9290000200271606,1.9420000314712524,1.8914999961853027,1.934000015258789,1.934000015258789,103824000,AMZN,2.073847,1.930500030517578,-0.0034999847412111595,0.0
2006-07-06,1.8535000085830688,1.8869999647140503,1.8259999752044678,1.840000033378601,1.840000033378601,87454000,AMZN,1.9373225,1.8055000305175781,-0.03450000286102295,0.0
2006-07-07,1.8355000019073486,1.8639999628067017,1.787500023841858,1.8055000305175781,1.8055000305175781,100082000,AMZN,1.9609386,1.7894999980926516,-0.016000032424926536,0.0
2006-07-10,1.815000057220459,1.8350000381469727,1.7699999809265137,1.7894999980926514,1.7894999980926514,77534000,AMZN,1.9511728,1.7829999923706055,-0.0065000057220458984,0.0
2006-07-13,1.7165000438690186,1.7315000295639038,1.6855000257492065,1.6864999532699585,1.6864999532699585,129110000,AMZN,1.8538605,1.6460000276565552,-0.04049992561340332,0.0
2006-07-17,1.6395000219345093,1.6964999437332153,1.6395000219345093,1.683500051498413,1.683500051498413,143946000,AMZN,1.85378,1.674499988555908,-0.009000062942505105,0.0
2006-07-21,1.6924999952316284,1.6985000371932983,1.6460000276565552,1.659500002861023,1.659500002861023,142732000,AMZN,1.8519211,1.7154999971389773,0.055999994277954324,0.0
2006-07-25,1.7000000476837158,1.7079999446868896,1.6694999933242798,1.6794999837875366,1.6794999837875366,344600000,AMZN,1.822871,1.312999963760376,-0.36650002002716064,0.0
2006-08-04,1.347000002861023,1.3795000314712524,1.340000033378601,1.3645000457763672,1.3645000457763672,205048000,AMZN,1.7411726,1.3389999866485596,-0.025500059127807617,0.0
2006-08-07,1.3595000505447388,1.3645000457763672,1.3294999599456787,1.3389999866485596,1.3389999866485596,109528000,AMZN,1.5121351,1.3179999589920044,-0.021000027656555176,0.0
2006-08-16,1.3984999656677246,1.406999945640564,1.3760000467300415,1.3975000381469727,1.3975000381469727,152732000,AMZN,1.5500336,1.4544999599456787,0.056999921798706055,0.0
2006-08-18,1.4544999599456787,1.4615000486373901,1.4110000133514404,1.4559999704360962,1.4559999704360962,119972000,AMZN,1.5659305,1.406499981880188,-0.0494999885559082,0.0
2006-08-23,1.4279999732971191,1.4444999694824219,1.3884999752044678,1.406999945640564,1.406999945640564,94528000,AMZN,1.4574581,1.3984999656677246,-0.008499979972839355,0.0
2006-08-24,1.4119999408721924,1.412500023841858,1.3769999742507935,1.3984999656677246,1.3984999656677246,90338000,AMZN,1.4480796,1.4014999866485596,0.003000020980834961,0.0
2006-08-25,1.3895000219345093,1.4114999771118164,1.38100004196167,1.4014999866485596,1.4014999866485596,70852000,AMZN,1.5073,1.4455000162124634,0.04400002956390381,0.0
2006-08-29,1.4485000371932983,1.4859999418258667,1.4375,1.4759999513626099,1.4759999513626099,147962000,AMZN,1.6184298,1.5334999561309814,0.05750000476837158,0.0
2006-09-06,1.5880000591278076,1.5989999771118164,1.5325000286102295,1.5399999618530273,1.5399999618530273,182282000,AMZN,1.6186116,1.4865000247955322,-0.05349993705749512,0.0
2006-09-28,1.6134999990463257,1.6165000200271606,1.5609999895095825,1.5920000076293945,1.5920000076293945,149988000,AMZN,1.816558,1.6059999465942383,0.01399993896484375,0.0
2006-10-04,1.587499976158142,1.6414999961853027,1.565000057220459,1.6380000114440918,1.6380000114440918,141296000,AMZN,1.7771136,1.666000008583069,0.027999997138977273,0.0
2006-10-06,1.6575000286102295,1.6610000133514404,1.625,1.6295000314712524,1.6295000314712524,84384000,AMZN,1.7742177,1.669000029563904,0.03949999809265159,0.0
2006-10-12,1.6549999713897705,1.6855000257492065,1.631500005722046,1.6775000095367432,1.6775000095367432,119794000,AMZN,1.8531663,1.666000008583069,-0.011500000953674094,0.0
2006-10-17,1.6100000143051147,1.6304999589920044,1.587499976158142,1.6234999895095825,1.6234999895095825,132714000,AMZN,1.6989306,1.6154999732971191,-0.008000016212463379,0.0
2006-10-19,1.6085000038146973,1.6419999599456787,1.6050000190734863,1.6269999742507935,1.6269999742507935,80752000,AMZN,1.8004942,1.628499984741211,0.0015000104904174805,0.0
2006-10-24,1.6434999704360962,1.899999976158142,1.6430000066757202,1.68149995803833,1.68149995803833,463106000,AMZN,1.8741785,1.8839999437332153,0.20249998569488525,0.0
2006-10-25,1.8650000095367432,1.8990000486373901,1.8020000457763672,1.8839999437332153,1.8839999437332153,930450000,AMZN,1.8992485,1.9149999618530273,0.03100001811981201,0.0
2006-10-30,1.902500033378601,1.9170000553131104,1.8839999437332153,1.9075000286102295,1.9075000286102295,137648000,AMZN,2.307514,1.9045000076293945,-0.003000020980834961,0.0
2006-11-06,1.8819999694824219,1.9175000190734863,1.8765000104904175,1.9105000495910645,1.9105000495910645,90818000,AMZN,2.1010113,1.9385000467300413,0.02799999713897683,0.0
2006-11-07,1.909999966621399,1.9500000476837158,1.9019999504089355,1.9385000467300415,1.9385000467300415,154902000,AMZN,2.0633662,1.9735000133514407,0.03499996662139915,0.0
2006-11-22,2.125,2.1489999294281006,2.1089999675750732,2.1480000019073486,2.1480000019073486,90712000,AMZN,2.267581,2.120500087738037,-0.027499914169311523,0.0
2006-11-29,2.0239999294281006,2.055000066757202,2.0,2.0315001010894775,2.0315001010894775,157092000,AMZN,2.1970007,2.0169999599456787,-0.014500141143798828,0.0
2006-12-01,2.013000011444092,2.0269999504089355,1.9544999599456787,1.9704999923706055,1.9704999923706055,166122000,AMZN,2.1583786,1.955000042915344,-0.015499949455261453,0.0
2006-12-15,1.968999981880188,2.009500026702881,1.9615000486373901,2.000499963760376,2.000499963760376,163070000,AMZN,2.1207812,1.9630000591278078,-0.03749990463256814,0.0
2006-12-20,1.971500039100647,2.015000104904175,1.969499945640564,2.000499963760376,2.000499963760376,155686000,AMZN,2.1539636,1.9945000410079956,-0.005999922752380371,0.0
2007-01-08,1.9110000133514404,1.9155000448226929,1.8585000038146973,1.875,1.875,135660000,AMZN,2.0445676,1.8890000581741335,0.014000058174133523,0.0
2007-01-16,1.9199999570846558,1.9444999694824219,1.8984999656677246,1.9329999685287476,1.9329999685287476,112874000,AMZN,2.160199,1.8940000534057617,-0.03899991512298584,0.0
2007-01-17,1.934999942779541,1.9500000476837158,1.8890000581741333,1.8940000534057617,1.8940000534057617,100536000,AMZN,2.0545926,1.8489999771118164,-0.04500007629394531,0.0
2007-01-19,1.8344999551773071,1.8739999532699585,1.8300000429153442,1.8509999513626099,1.8509999513626099,121918000,AMZN,1.9288616,1.8474999666213987,-0.0034999847412111595,0.0
2007-02-05,1.8624999523162842,1.871000051498413,1.8385000228881836,1.8580000400543213,1.8580000400543213,122218000,AMZN,1.9781524,1.9134999513626096,0.05549991130828835,0.0
2007-02-06,1.8600000143051147,1.9205000400543213,1.8539999723434448,1.9134999513626099,1.9134999513626099,172254000,AMZN,2.338322,1.9490000009536745,0.035500049591064675,0.0
2007-02-14,1.9615000486373901,2.0139999389648438,1.9570000171661377,2.006999969482422,2.006999969482422,136282000,AMZN,2.132418,2.003000020980835,-0.003999948501586914,0.0
2007-02-22,2.069999933242798,2.0999999046325684,2.0445001125335693,2.049999952316284,2.049999952316284,98522000,AMZN,2.2620068,2.0390000343322754,-0.010999917984008789,0.0
2007-02-28,1.9455000162124634,1.9789999723434448,1.9040000438690186,1.9570000171661377,1.9570000171661377,153748000,AMZN,2.0250895,1.9424999952316284,-0.014500021934509277,0.0
2007-04-17,2.2639999389648438,2.2660000324249268,2.237499952316284,2.253499984741211,2.253499984741211,147978000,AMZN,2.2834272,2.249500036239624,-0.003999948501586914,0.0
2007-04-19,2.2304999828338623,2.257499933242798,2.2204999923706055,2.2320001125335693,2.2320001125335693,96194000,AMZN,2.4469967,2.247499942779541,0.01549983024597168,0.0
2007-04-20,2.254499912261963,2.258500099182129,2.2260000705718994,2.247499942779541,2.247499942779541,119610000,AMZN,2.4514298,2.2385001182556152,-0.008999824523925781,0.0
2007-04-23,2.2135000228881836,2.240499973297119,2.2079999446868896,2.2385001182556152,2.2385001182556152,141772000,AMZN,2.3790772,2.237499952316284,-0.0010001659393310547,0.0
2007-05-03,3.053999900817871,3.127000093460083,3.0380001068115234,3.109499931335449,3.109499931335449,269640000,AMZN,3.7264943,3.161499977111817,0.05200004577636763,0.0
2007-05-14,3.0840001106262207,3.0869998931884766,3.0299999713897705,3.0850000381469727,3.0850000381469727,155208000,AMZN,3.1930163,3.0290000438690186,-0.0559999942779541,0.0
2007-05-31,3.5339999198913574,3.5369999408721924,3.428499937057495,3.4570000171661377,3.4570000171661377,186204000,AMZN,3.768501,3.428999900817871,-0.0280001163482666,0.0
2007-06-13,3.5450000762939453,3.5945000648498535,3.4625000953674316,3.5445001125335693,3.5445001125335693,238358000,AMZN,3.7930913,3.5969998836517334,0.05249977111816406,0.0
2007-06-14,3.5450000762939453,3.6059999465942383,3.5399999618530273,3.5969998836517334,3.5969998836517334,164906000,AMZN,3.8736486,3.619999885559082,0.023000001907348633,0.0
2007-07-11,3.5290000438690186,3.5824999809265137,3.507499933242798,3.5364999771118164,3.5364999771118164,131872000,AMZN,3.6726723,3.6394999027252193,0.10299992561340288,0.0
2007-07-16,3.7365000247955322,3.742000102996826,3.6500000953674316,3.684499979019165,3.684499979019165,166698000,AMZN,3.7827535,3.6895000934600835,0.005000114440918413,0.0
2007-07-17,3.7195000648498535,3.7260000705718994,3.679500102996826,3.689500093460083,3.689500093460083,121688000,AMZN,3.870839,3.6659998893737797,-0.023500204086303267,0.0
2007-07-19,3.7119998931884766,3.7160000801086426,3.6559998989105225,3.6675000190734863,3.6675000190734863,105470000,AMZN,3.852979,3.5815000534057617,-0.08599996566772461,0.0
2007-07-26,4.250999927520752,4.449999809265137,4.171500205993652,4.200500011444092,4.200500011444092,465342000,AMZN,3.940871,4.202000141143799,0.0,-0.0015001296997070312
2007-07-31,4.184999942779541,4.186500072479248,3.9000000953674316,3.927000045776367,3.927000045776367,282090000,AMZN,4.2690945,3.8654999732971187,-0.06150007247924849,0.0
2007-08-01,3.9049999713897705,3.9075000286102295,3.753000020980835,3.865499973297119,3.865499973297119,338360000,AMZN,4.013748,3.9855000972747803,0.12000012397766113,0.0
2007-08-06,3.8529999256134033,3.950000047683716,3.8299999237060547,3.950000047683716,3.950000047683716,180058000,AMZN,4.1690416,3.9570000171661377,0.006999969482421875,0.0
2007-08-20,3.749000072479248,3.7639999389648438,3.690000057220459,3.734999895095825,3.734999895095825,118322000,AMZN,3.8982954,3.874500036239624,0.13950014114379883,0.0
2007-09-07,4.235000133514404,4.248499870300293,4.1605000495910645,4.22599983215332,4.22599983215332,164624000,AMZN,4.2758155,4.166999816894531,-0.05900001525878906,0.0
2007-09-28,4.638500213623047,4.679999828338623,4.585000038146973,4.65749979019165,4.65749979019165,96274000,AMZN,4.788642,4.670499801635742,0.013000011444091797,0.0
2007-10-03,4.609499931335449,4.639999866485596,4.589000225067139,4.623000144958496,4.623000144958496,101044000,AMZN,4.755102,4.61299991607666,-0.010000228881835938,0.0
2007-10-22,4.462500095367432,4.584499835968018,4.451000213623047,4.564499855041504,4.564499855041504,197368000,AMZN,4.6897388,5.040999889373779,0.4765000343322754,0.0
2007-10-31,4.402500152587891,4.480000019073486,4.349999904632568,4.457499980926514,4.457499980926514,140896000,AMZN,4.700303,4.382500171661377,-0.07499980926513672,0.0
2007-11-06,4.230500221252441,4.375,4.218500137329102,4.363500118255615,4.363500118255615,158680000,AMZN,4.472806,4.3520002365112305,-0.011499881744384766,0.0
2007-11-15,3.9714999198913574,3.9865000247955322,3.8350000381469727,3.8924999237060547,3.8924999237060547,156630000,AMZN,4.0709815,3.930000066757202,0.03750014305114746,0.0
2007-11-21,3.9619998931884766,4.043000221252441,3.932499885559082,3.98799991607666,3.98799991607666,133566000,AMZN,3.9873018,4.071499824523926,0.0,-0.08349990844726562
2007-11-26,4.114999771118164,4.2245001792907715,4.057000160217285,4.065000057220459,4.065000057220459,172210000,AMZN,4.255864,4.2795000076293945,0.21449995040893555,0.0
2007-11-28,4.377500057220459,4.528500080108643,4.337500095367432,4.514999866485596,4.514999866485596,228068000,AMZN,4.63813,4.457499980926514,-0.05749988555908203,0.0
2007-11-29,4.494500160217285,4.573500156402588,4.434000015258789,4.457499980926514,4.457499980926514,139542000,AMZN,4.527152,4.5279998779296875,0.07049989700317383,0.0
2007-12-04,4.501999855041504,4.728000164031982,4.501999855041504,4.7204999923706055,4.7204999923706055,146758000,AMZN,4.740948,4.6595001220703125,-0.06099987030029297,0.0
2007-12-21,4.573500156402588,4.613999843597412,4.519499778747559,4.563000202178955,4.563000202178955,132098000,AMZN,4.8167925,4.55049991607666,-0.012500286102294922,0.0
2007-12-28,4.763500213623047,4.795000076293945,4.605000019073486,4.722499847412109,4.722499847412109,151758000,AMZN,4.803356,4.631999969482422,-0.0904998779296875,0.0
2008-01-03,4.802999973297119,4.862500190734863,4.72599983215332,4.760499954223633,4.760499954223633,182450000,AMZN,4.7722144,4.439499855041504,-0.3210000991821289,0.0
2008-01-04,4.663000106811523,4.670000076293945,4.425000190734863,4.439499855041504,4.439499855041504,205400000,AMZN,4.467184,4.440999984741211,0.0015001296997070312,0.0
2008-01-10,4.198999881744385,4.298500061035156,4.148499965667725,4.2129998207092285,4.2129998207092285,232198000,AMZN,4.3650455,4.053999900817871,-0.15899991989135742,0.0
2008-01-11,4.201499938964844,4.201499938964844,4.014500141143799,4.053999900817871,4.053999900817871,212486000,AMZN,4.29322,4.143499851226807,0.08949995040893555,0.0
2008-01-17,4.007999897003174,4.112500190734863,3.9769999980926514,4.00600004196167,4.00600004196167,198018000,AMZN,4.2069726,3.98799991607666,-0.018000125885009766,0.0
2008-01-18,3.996500015258789,4.115499973297119,3.9019999504089355,3.98799991607666,3.98799991607666,267286000,AMZN,4.1624217,3.9240000247955322,-0.06399989128112793,0.0
2008-01-31,3.445499897003174,3.94350004196167,3.441999912261963,3.884999990463257,3.884999990463257,857718000,AMZN,3.6706882,3.7314999103546143,0.0,0.15350008010864258
2008-02-13,3.749500036239624,3.942500114440918,3.6635000705718994,3.8864998817443848,3.8864998817443848,221406000,AMZN,3.9164476,3.7899999618530273,-0.09649991989135742,0.0
2008-02-21,3.697000026702881,3.7105000019073486,3.4684998989105225,3.494999885559082,3.494999885559082,263016000,AMZN,3.594391,3.6040000915527344,0.10900020599365234,0.0
2008-02-22,3.5269999504089355,3.6105000972747803,3.493000030517578,3.6040000915527344,3.6040000915527344,246854000,AMZN,3.5745258,3.663500070571899,0.0,-0.059499979019164595
2008-03-12,3.3385000228881836,3.4114999771118164,3.2820000648498535,3.325500011444092,3.325500011444092,154976000,AMZN,3.5165238,3.4159998893737793,0.0904998779296875,0.0
2008-03-17,3.2860000133514404,3.3894999027252197,3.246000051498413,3.3264999389648438,3.3264999389648438,194182000,AMZN,3.2626936,3.585000038146973,0.0,-0.25850009918212935
2008-03-24,3.690999984741211,3.8464999198913574,3.637500047683716,3.797499895095825,3.797499895095825,187908000,AMZN,3.9673948,3.758500099182129,-0.03899979591369629,0.0
2008-04-03,3.757499933242798,3.80049991607666,3.690500020980835,3.746999979019165,3.746999979019165,162998000,AMZN,3.777379,3.843499898910522,0.09649991989135698,0.0
2008-04-08,3.819999933242798,3.880500078201294,3.7750000953674316,3.865000009536743,3.865000009536743,99320000,AMZN,3.9990427,3.7195000648498535,-0.14549994468688965,0.0
2008-04-17,3.7090001106262207,3.750999927520752,3.680500030517578,3.7019999027252197,3.7019999027252197,124400000,AMZN,3.9010155,4.005000114440918,0.30300021171569824,0.0
2008-04-22,3.996999979019165,3.996999979019165,3.877000093460083,3.9800000190734863,3.9800000190734863,144900000,AMZN,4.11126,4.050000190734863,0.07000017166137695,0.0
2008-04-23,4.014999866485596,4.131999969482422,3.937000036239624,4.050000190734863,4.050000190734863,385008000,AMZN,4.1850038,3.884500026702881,-0.16550016403198242,0.0
2008-04-28,4.0320000648498535,4.125,4.00600004196167,4.098499774932861,4.098499774932861,219838000,AMZN,4.3813295,4.0370001792907715,-0.061499595642089844,0.0
2008-05-06,3.7755000591278076,3.8385000228881836,3.752500057220459,3.7855000495910645,3.7855000495910645,130914000,AMZN,3.954617,3.6589999198913574,-0.12650012969970703,0.0
2008-05-16,3.821000099182129,3.8415000438690186,3.743000030517578,3.822999954223633,3.822999954223633,124134000,AMZN,3.9626608,4.114500045776367,0.2915000915527344,0.0
2008-05-23,3.927500009536743,3.94350004196167,3.871500015258789,3.9175000190734863,3.9175000190734863,126638000,AMZN,4.018497,4.031000137329102,0.11350011825561523,0.0
2008-05-29,4.0304999351501465,4.0980000495910645,4.008500099182129,4.017499923706055,4.017499923706055,137152000,AMZN,4.2396245,4.080999851226807,0.06349992752075195,0.0
2008-05-30,4.0289998054504395,4.088500022888184,4.014999866485596,4.080999851226807,4.080999851226807,105412000,AMZN,4.240298,4.011499881744385,-0.06949996948242188,0.0
2008-06-17,4.15749979019165,4.215000152587891,4.139999866485596,4.148499965667725,4.148499965667725,176048000,AMZN,4.4160643,4.125999927520752,-0.022500038146972656,0.0
2008-06-23,4.065000057220459,4.107500076293945,3.9774999618530273,4.033999919891357,4.033999919891357,148516000,AMZN,4.1040144,3.982000112533569,-0.05199980735778853,0.0
2008-06-26,3.9549999237060547,3.994499921798706,3.799999952316284,3.815000057220459,3.815000057220459,226202000,AMZN,3.8918483,3.7330000400543217,-0.08200001716613725,0.0
2008-07-15,3.2934999465942383,3.430999994277954,3.1494998931884766,3.3515000343322754,3.3515000343322754,226842000,AMZN,3.3752773,3.5920000076293945,0.24049997329711914,0.0
2008-07-24,3.815000057220459,4.11899995803833,3.814500093460083,3.936000108718872,3.936000108718872,619932000,AMZN,4.1131697,3.9154999256134033,-0.02050018310546875,0.0
2008-07-29,3.82450008392334,3.940000057220459,3.808000087738037,3.9105000495910645,3.9105000495910645,135418000,AMZN,4.0615582,3.910500049591064,-4.440892098500626e-16,0.0
2008-07-31,3.8375000953674316,3.9084999561309814,3.805000066757202,3.816999912261963,3.816999912261963,106014000,AMZN,3.9443657,3.787499904632569,-0.029500007629394087,0.0
2008-08-06,3.927500009536743,3.93149995803833,3.8364999294281006,3.9045000076293945,3.9045000076293945,128122000,AMZN,3.951036,3.8475000858306885,-0.056999921798706055,0.0
2008-09-02,4.1579999923706055,4.224999904632568,4.060500144958496,4.070499897003174,4.070499897003174,120016000,AMZN,4.2966104,4.03849983215332,-0.032000064849853516,0.0
2008-09-03,4.070000171661377,4.099999904632568,4.000999927520752,4.03849983215332,4.03849983215332,114852000,AMZN,4.117358,3.9014999866485596,-0.13699984550476074,0.0
2008-09-04,4.03000020980835,4.040500164031982,3.9010000228881836,3.9014999866485596,3.9014999866485596,166330000,AMZN,4.0073667,3.9595000743865962,0.058000087738036665,0.0
2008-09-12,3.940500020980835,3.9800000190734863,3.8310000896453857,3.9149999618530273,3.9149999618530273,129602000,AMZN,4.1322484,3.8670001029968257,-0.047999858856201616,0.0
2008-09-15,3.8429999351501465,3.99399995803833,3.815000057220459,3.867000102996826,3.867000102996826,179616000,AMZN,4.02638,3.9365000724792485,0.06949996948242232,0.0
2008-09-25,3.5329999923706055,3.637500047683716,3.500499963760376,3.6040000915527344,3.6040000915527344,121460000,AMZN,3.807886,3.5350000858306885,-0.0690000057220459,0.0
2008-09-26,3.4760000705718994,3.552500009536743,3.4040000438690186,3.5350000858306885,3.5350000858306885,134942000,AMZN,3.6874669,3.1675000190734868,-0.3675000667572017,0.0
2008-10-15,2.7230000495910645,2.734499931335449,2.4175000190734863,2.436000108718872,2.436000108718872,325152000,AMZN,2.400563,2.5144999027252197,0.0,-0.07849979400634766
2008-10-21,2.5929999351501465,2.6475000381469727,2.496000051498413,2.5114998817443848,2.5114998817443848,173392000,AMZN,2.796736,2.499500036239624,-0.011999845504760742,0.0
2008-10-23,2.1684999465942383,2.5455000400543213,2.1654999256134033,2.5160000324249268,2.5160000324249268,652038000,AMZN,2.3354528,2.447999954223633,0.0,0.06800007820129395
2008-10-27,2.450000047683716,2.629499912261963,2.4214999675750732,2.4790000915527344,2.4790000915527344,235184000,AMZN,2.8113608,2.802000045776367,0.3229999542236328,0.0
2008-11-06,2.490000009536743,2.552000045776367,2.315000057220459,2.3610000610351562,2.3610000610351562,309756000,AMZN,2.164063,2.4605000019073486,0.0,-0.09949994087219238
2008-11-18,1.9865000247955322,2.0329999923706055,1.8040000200271606,1.9220000505447388,1.9220000505447388,300984000,AMZN,2.1061237,1.7920000553131104,-0.12999999523162842,0.0
2008-11-24,1.9394999742507935,2.171999931335449,1.934999942779541,2.125,2.125,290994000,AMZN,2.3877378,2.109499931335449,-0.015500068664550781,0.0
2008-12-01,2.0999999046325684,2.1630001068115234,2.0190000534057617,2.0234999656677246,2.0234999656677246,223578000,AMZN,2.2588398,2.059499979019165,0.03600001335144043,0.0
2008-12-08,2.4574999809265137,2.6070001125335693,2.368000030517578,2.570499897003174,2.570499897003174,218814000,AMZN,2.7504096,2.5625,-0.007999897003173828,0.0
2008-12-10,2.572999954223633,2.575000047683716,2.4170000553131104,2.484999895095825,2.484999895095825,155076000,AMZN,2.58255,2.4124999046325684,-0.07249999046325684,0.0
2008-12-26,2.689500093460083,2.697499990463257,2.577500104904175,2.5889999866485596,2.5889999866485596,136946000,AMZN,2.9194431,2.4700000286102295,-0.11899995803833008,0.0
2008-12-30,2.4755001068115234,2.560499906539917,2.437000036239624,2.5380001068115234,2.5380001068115234,132026000,AMZN,2.6624997,2.563999891281128,0.025999784469604492,0.0
2009-01-06,2.7274999618530273,2.9110000133514404,2.6875,2.868000030517578,2.868000030517578,221602000,AMZN,2.9521904,2.809999942779541,-0.05800008773803711,0.0
2009-01-09,2.8459999561309814,2.8499999046325684,2.734999895095825,2.7755000591278076,2.7755000591278076,133682000,AMZN,2.9700148,2.5959999561309814,-0.17950010299682617,0.0
2009-01-26,2.509000062942505,2.5445001125335693,2.4260001182556152,2.4814999103546143,2.4814999103546143,143114000,AMZN,2.6784532,2.421999931335449,-0.05949997901916504,0.0
2009-02-10,3.307499885559082,3.3615000247955322,3.1535000801086426,3.1654999256134033,3.1654999256134033,214012000,AMZN,3.3350255,3.21749997138977,0.05200004577636674,0.0
2009-02-17,3.0834999084472656,3.132499933242798,3.059000015258789,3.0834999084472656,3.0834999084472656,142522000,AMZN,3.2077007,3.117500066757202,0.03400015830993652,0.0
2009-02-24,3.0985000133514404,3.305000066757202,3.0945000648498535,3.2799999713897705,3.2799999713897705,205428000,AMZN,3.4455683,3.185499906539917,-0.09450006484985352,0.0
2009-02-27,3.062999963760376,3.253999948501587,3.046999931335449,3.239500045776367,3.239500045776367,229766000,AMZN,3.3014112,3.0994999408721924,-0.1400001049041748,0.0
2009-03-09,3.109999895095825,3.2014999389648438,3.007499933242798,3.0244998931884766,3.0244998931884766,271228000,AMZN,3.160308,3.2855000495910645,0.2610001564025879,0.0
2009-03-10,3.124500036239624,3.2950000762939453,3.0889999866485596,3.2855000495910645,3.2855000495910645,308714000,AMZN,3.4821768,3.4270000457763667,0.1414999961853023,0.0
2009-03-13,3.4820001125335693,3.486999988555908,3.376499891281128,3.43149995803833,3.43149995803833,178068000,AMZN,3.6121411,3.348999977111816,-0.08249998092651412,0.0
2009-03-18,3.5485000610351562,3.695499897003174,3.506500005722046,3.5625,3.5625,208034000,AMZN,3.7652178,3.505000114440918,-0.05749988555908203,0.0
2009-03-23,3.568000078201294,3.7804999351501465,3.5350000858306885,3.7790000438690186,3.7790000438690186,172248000,AMZN,3.9436297,3.6405000686645512,-0.13849997520446733,0.0
2009-04-06,3.86299991607666,3.9179999828338623,3.799999952316284,3.8994998931884766,3.8994998931884766,115026000,AMZN,4.078474,3.7755000591278076,-0.12399983406066895,0.0
2009-04-07,3.8485000133514404,3.8540000915527344,3.74399995803833,3.7755000591278076,3.7755000591278076,114976000,AMZN,3.890198,3.848999977111816,0.07349991798400834,0.0
2009-04-17,3.8389999866485596,3.936000108718872,3.7939999103546143,3.9024999141693115,3.9024999141693115,148520000,AMZN,4.0835147,3.878499984741211,-0.023999929428100586,0.0
2009-05-04,4.013000011444092,4.067500114440918,3.942500114440918,3.9885001182556152,3.9885001182556152,140386000,AMZN,4.26627,4.09499979019165,0.10649967193603516,0.0
2009-05-07,4.136499881744385,4.137499809265137,3.8940000534057617,3.9639999866485596,3.9639999866485596,192642000,AMZN,4.064913,3.8975000381469727,-0.06649994850158691,0.0
2009-06-11,4.315000057220459,4.374499797821045,4.252500057220459,4.2845001220703125,4.2845001220703125,100194000,AMZN,4.3626533,4.203999996185303,-0.08050012588500977,0.0
2009-06-19,4.107500076293945,4.172999858856201,4.074999809265137,4.1479997634887695,4.1479997634887695,108764000,AMZN,4.3600583,3.9574999809265137,-0.19049978256225586,0.0
2009-06-26,4.09499979019165,4.206999778747559,4.05649995803833,4.193999767303467,4.193999767303467,175506000,AMZN,4.3810287,4.151500225067139,-0.042499542236328125,0.0
2009-07-02,4.055500030517578,4.06850004196167,3.92549991607666,3.9660000801086426,3.9660000801086426,144372000,AMZN,4.023389,3.9049999713897705,-0.06100010871887207,0.0
2009-07-06,3.922499895095825,3.944499969482422,3.8269999027252197,3.9049999713897705,3.9049999713897705,147376000,AMZN,3.9538603,3.7815001010894775,-0.12349987030029297,0.0
2009-07-13,3.9035000801086426,4.082499980926514,3.9005000591278076,4.073500156402588,4.073500156402588,161004000,AMZN,4.2840652,4.097499847412109,0.023999691009521484,0.0
2009-07-17,4.289999961853027,4.324999809265137,4.260000228881836,4.292500019073486,4.292500019073486,101032000,AMZN,4.383707,4.411499977111816,0.11899995803833008,0.0
2009-07-27,4.311999797821045,4.32450008392334,4.177999973297119,4.211999893188477,4.211999893188477,225586000,AMZN,4.2458687,4.249000072479248,0.037000179290771484,0.0
2009-07-29,4.223499774932861,4.275000095367432,4.176000118255615,4.2170000076293945,4.2170000076293945,130058000,AMZN,4.5116067,4.304500102996826,0.08750009536743164,0.0
2009-07-30,4.2820000648498535,4.362500190734863,4.258500099182129,4.304500102996826,4.304500102996826,145064000,AMZN,4.63048,4.288000106811523,-0.016499996185302734,0.0
2009-08-03,4.328000068664551,4.409999847412109,4.328000068664551,4.372000217437744,4.372000217437744,133260000,AMZN,4.6469574,4.289999961853027,-0.0820002555847168,0.0
2009-08-05,4.2820000648498535,4.287499904632568,4.151000022888184,4.2144999504089355,4.2144999504089355,145588000,AMZN,4.311131,4.223499774932861,0.008999824523925781,0.0
2009-08-19,4.045499801635742,4.150000095367432,4.024499893188477,4.150000095367432,4.150000095367432,103412000,AMZN,4.25343,4.204500198364258,0.05450010299682617,0.0
2009-08-20,4.14900016784668,4.21750020980835,4.132999897003174,4.204500198364258,4.204500198364258,107500000,AMZN,4.3737626,4.25,0.04549980163574219,0.0
2009-08-21,4.238999843597412,4.252999782562256,4.177000045776367,4.25,4.25,122614000,AMZN,4.370655,4.224999904632568,-0.02500009536743164,0.0
2009-08-26,4.204999923706055,4.23799991607666,4.169000148773193,4.199999809265137,4.199999809265137,72276000,AMZN,4.3090396,4.2154998779296875,0.015500068664550781,0.0
2009-08-28,4.238999843597412,4.249499797821045,4.128499984741211,4.138000011444092,4.138000011444092,92414000,AMZN,4.264107,4.059500217437744,-0.07849979400634766,0.0
2009-09-03,3.9195001125335693,3.947999954223633,3.875499963760376,3.9230000972747803,3.9230000972747803,82804000,AMZN,4.052656,3.9435000419616695,0.020499944686889204,0.0
2009-09-10,4.116499900817871,4.203499794006348,4.114999771118164,4.192500114440918,4.192500114440918,140462000,AMZN,4.3723354,4.2270002365112305,0.0345001220703125,0.0
2009-09-17,4.537499904632568,4.559500217437744,4.449999809265137,4.521999835968018,4.521999835968018,157454000,AMZN,4.531454,4.513999938964844,-0.007999897003173828,0.0
2009-09-24,4.599999904632568,4.635499954223633,4.53849983215332,4.605500221252441,4.605500221252441,101502000,AMZN,4.7027874,4.526000022888184,-0.07950019836425781,0.0
2009-10-01,4.625,4.644999980926514,4.518499851226807,4.552000045776367,4.552000045776367,132902000,AMZN,4.6116004,4.492499828338623,-0.05950021743774414,0.0
2009-10-06,4.4664998054504395,4.553999900817871,4.420000076293945,4.545499801635742,4.545499801635742,139274000,AMZN,4.691824,4.698500156402588,0.1530003547668457,0.0
2009-10-07,4.574999809265137,4.723999977111816,4.557499885559082,4.698500156402588,4.698500156402588,148902000,AMZN,4.9330792,4.761000156402588,0.0625,0.0
2009-10-08,4.739999771118164,4.835999965667725,4.71150016784668,4.761000156402588,4.761000156402588,193486000,AMZN,4.994218,4.7855000495910645,0.024499893188476562,0.0
2009-10-09,4.75,4.797500133514404,4.7129998207092285,4.7855000495910645,4.7855000495910645,93880000,AMZN,4.9017024,4.679999828338623,-0.1055002212524414,0.0
2009-10-21,4.763500213623047,4.831500053405762,4.645500183105469,4.671000003814697,4.671000003814697,155224000,AMZN,4.803967,4.672500133514404,0.0015001296997070312,0.0
2009-12-09,6.730000019073486,6.735499858856201,6.491000175476074,6.565499782562256,6.565499782562256,252658000,AMZN,6.705669,6.769000053405762,0.20350027084350586,0.0
2009-12-17,6.4679999351501465,6.504000186920166,6.34499979019165,6.3454999923706055,6.3454999923706055,169530000,AMZN,6.5006886,6.423999786376953,0.07849979400634766,0.0
2009-12-30,6.920000076293945,6.920000076293945,6.763999938964844,6.82450008392334,6.82450008392334,138264000,AMZN,6.745155,6.72599983215332,0.0,0.09850025177001953
2010-01-07,6.600500106811523,6.616000175476074,6.440000057220459,6.5,6.5,220604000,AMZN,6.5473723,6.676000118255616,0.17600011825561612,0.0
2010-01-12,6.44950008392334,6.491000175476074,6.327499866485596,6.367499828338623,6.367499828338623,181926000,AMZN,6.459039,6.45550012588501,0.08800029754638672,0.0
2010-01-13,6.394999980926514,6.485499858856201,6.287499904632568,6.45550012588501,6.45550012588501,214464000,AMZN,6.547414,6.367499828338623,-0.08800029754638672,0.0
2010-02-09,5.909999847412109,5.954500198364258,5.849999904632568,5.901500225067139,5.901500225067139,184460000,AMZN,6.116891,5.868000030517578,-0.03350019454956055,0.0
2010-02-11,5.860499858856201,6.020999908447266,5.824999809265137,6.004499912261963,6.004499912261963,166870000,AMZN,6.105552,5.982999801635742,-0.021500110626220703,0.0
2010-02-23,5.9004998207092285,5.962500095367432,5.825500011444092,5.861999988555908,5.861999988555908,141364000,AMZN,5.9744825,5.986000061035156,0.12400007247924805,0.0
2010-02-25,5.9085001945495605,5.916999816894531,5.792500019073486,5.909999847412109,5.909999847412109,190668000,AMZN,5.905261,5.920000076293945,0.0,-0.010000228881835938
2010-03-02,6.250500202178955,6.367499828338623,6.239999771118164,6.276500225067139,6.276500225067139,241950000,AMZN,6.3311486,6.294499874114991,0.01799964904785245,0.0
2010-03-04,6.298999786376953,6.442500114440918,6.278500080108643,6.426499843597412,6.426499843597412,150194000,AMZN,6.4846096,6.445499897003174,0.01900005340576172,0.0
2010-03-11,6.522500038146973,6.681000232696533,6.51800012588501,6.678999900817871,6.678999900817871,144816000,AMZN,6.758597,6.591000080108643,-0.08799982070922852,0.0
2010-03-15,6.585000038146973,6.599999904632568,6.43149995803833,6.55649995803833,6.55649995803833,126584000,AMZN,6.5227523,6.5894999504089355,0.0,-0.03299999237060547
2010-03-17,6.620500087738037,6.634500026702881,6.560999870300293,6.566999912261963,6.566999912261963,87176000,AMZN,6.7287874,6.638000011444092,0.0710000991821289,0.0
2010-03-26,6.744999885559082,6.8495001792907715,6.688000202178955,6.752999782562256,6.752999782562256,131314000,AMZN,6.8872805,6.75600004196167,0.0030002593994140625,0.0
2010-03-29,6.768499851226807,6.831500053405762,6.7164998054504395,6.75600004196167,6.75600004196167,92538000,AMZN,6.9748445,6.828999996185304,0.0729999542236337,0.0
2010-04-19,7.117499828338623,7.183499813079834,6.956500053405762,7.121500015258789,7.121500015258789,120440000,AMZN,7.0746355,7.210000038146973,0.0,-0.0885000228881836
2010-05-07,6.398499965667725,6.559000015258789,6.188000202178955,6.249000072479248,6.249000072479248,238552000,AMZN,6.459826,6.564499855041504,0.31549978256225586,0.0
2010-05-18,6.506999969482422,6.5625,6.2754998207092285,6.314000129699707,6.314000129699707,105138000,AMZN,6.410976,6.229499816894531,-0.08450031280517578,0.0
2010-05-25,5.927000045776367,6.259500026702881,5.925000190734863,6.243000030517578,6.243000030517578,138268000,AMZN,6.290542,6.1605000495910645,-0.08249998092651367,0.0
2010-05-28,6.303500175476074,6.380000114440918,6.200500011444092,6.2729997634887695,6.2729997634887695,79096000,AMZN,6.4180903,6.1620001792907715,-0.11099958419799805,0.0
2010-06-01,6.248499870300293,6.328499794006348,6.151000022888184,6.1620001792907715,6.1620001792907715,73190000,AMZN,6.2067256,6.315499782562257,0.15349960327148526,0.0
2010-06-02,6.201000213623047,6.321499824523926,6.082499980926514,6.315499782562256,6.315499782562256,95294000,AMZN,6.257294,6.438000202178955,0.0,-0.12250041961669922
2010-06-14,6.211999893188477,6.284999847412109,6.175000190734863,6.191500186920166,6.191500186920166,78460000,AMZN,6.4470243,6.3420000076293945,0.15049982070922852,0.0
2010-06-29,5.813000202178955,5.823999881744385,5.30049991607666,5.430500030517578,5.430500030517578,257326000,AMZN,5.452531,5.4629998207092285,0.03249979019165039,0.0
2010-06-30,5.428999900817871,5.633999824523926,5.4054999351501465,5.4629998207092285,5.4629998207092285,194814000,AMZN,5.5426574,5.547999858856201,0.08500003814697266,0.0
2010-07-06,5.53249979019165,5.626500129699707,5.449999809265137,5.502999782562256,5.502999782562256,104386000,AMZN,5.7687244,5.671500205993652,0.16850042343139648,0.0
2010-07-12,5.890500068664551,5.985000133514404,5.866000175476074,5.975500106811523,5.975500106811523,95672000,AMZN,6.113459,6.182499885559082,0.2069997787475586,0.0
2010-07-20,6.0304999351501465,6.0355000495910645,5.875500202178955,6.005000114440918,6.005000114440918,135700000,AMZN,6.058421,5.871500015258789,-0.1335000991821289,0.0
2010-07-23,5.296500205993652,5.964000225067139,5.289999961853027,5.94350004196167,5.94350004196167,848422000,AMZN,5.515806,5.920000076293945,0.0,0.02349996566772461
2010-07-27,5.921500205993652,5.925000190734863,5.753499984741211,5.856500148773193,5.856500148773193,155922000,AMZN,6.1764064,5.856500148773193,0.0,0.0
2010-08-06,6.335999965667725,6.420000076293945,6.295000076293945,6.415999889373779,6.415999889373779,101304000,AMZN,6.430773,6.441500186920165,0.02550029754638583,0.0
2010-08-10,6.397500038146973,6.5,6.36899995803833,6.5,6.5,114138000,AMZN,6.4679174,6.294499874114991,0.0,0.20550012588500888
2010-08-12,6.188000202178955,6.349999904632568,6.177499771118164,6.328000068664551,6.328000068664551,87358000,AMZN,6.29917,6.234499931335449,0.0,0.09350013732910156
2010-09-02,6.608500003814697,6.760499954223633,6.602499961853027,6.760499954223633,6.760499954223633,108148000,AMZN,6.945738,6.939499855041504,0.1789999008178711,0.0
2010-09-10,7.037499904632568,7.130000114440918,7.001999855041504,7.122000217437744,7.122000217437744,100872000,AMZN,7.1542187,7.25349998474121,0.1314997673034659,0.0
2010-10-06,8.029999732971191,8.034000396728516,7.730000019073486,7.769999980926514,7.769999980926514,121216000,AMZN,7.978615,7.813499927520751,0.04349994659423739,0.0
2010-10-11,7.744500160217285,7.831500053405762,7.617000102996826,7.651500225067139,7.651500225067139,89728000,AMZN,7.8619914,7.823999881744385,0.1724996566772461,0.0
2010-10-12,7.625500202178955,7.847499847412109,7.570000171661377,7.823999881744385,7.823999881744385,105616000,AMZN,7.9679914,7.75850009918213,-0.06549978256225497,0.0
2010-10-14,7.757999897003174,7.847499847412109,7.71150016784668,7.776500225067139,7.776500225067139,80482000,AMZN,7.9191833,8.232000350952148,0.45550012588500977,0.0
2010-10-19,8.034000396728516,8.140000343322754,7.849999904632568,7.933499813079834,7.933499813079834,150500000,AMZN,7.920351,7.933499813079833,0.0,8.881784197001252e-16
2010-10-20,7.939000129699707,7.993500232696533,7.828499794006348,7.933499813079834,7.933499813079834,115808000,AMZN,7.9566793,8.248499870300293,0.315000057220459,0.0
2010-10-22,8.1225004196167,8.508500099182129,8.113499641418457,8.456500053405762,8.456500053405762,326368000,AMZN,8.382352,8.449999809265137,0.0,0.006500244140625
2010-11-16,7.936999797821045,8.045499801635742,7.838500022888184,7.888999938964844,7.888999938964844,131428000,AMZN,7.902604,7.917500019073486,0.028500080108642578,0.0
2010-11-18,8.036999702453613,8.25,8.036999702453613,8.208499908447266,8.208499908447266,124506000,AMZN,8.525377,8.241000175476074,0.032500267028808594,0.0
2010-11-29,8.999500274658203,9.092000007629395,8.878499984741211,8.974499702453613,8.974499702453613,193900000,AMZN,9.010804,8.770000457763672,-0.2044992446899414,0.0
2010-12-16,8.779000282287598,8.914999961853027,8.751999855041504,8.902000427246094,8.902000427246094,82430000,AMZN,8.991877,8.878999710083008,-0.023000717163085938,0.0
2011-01-12,9.267999649047852,9.269000053405762,9.164999961853027,9.204000473022461,9.204000473022461,53582000,AMZN,9.307404,9.27649974822998,0.07249927520751953,0.0
2011-01-21,9.149999618530273,9.162500381469727,8.842000007629395,8.871000289916992,8.871000289916992,136124000,AMZN,8.892145,8.842499732971191,-0.02850055694580078,0.0
2011-01-31,8.508000373840332,8.571999549865723,8.370499610900879,8.482000350952148,8.482000350952148,134362000,AMZN,8.555253,8.605500221252441,0.12349987030029297,0.0
2011-02-18,9.376999855041504,9.425000190734863,9.256500244140625,9.324999809265137,9.324999809265137,83572000,AMZN,9.366713,9.020999908447266,-0.3039999008178711,0.0
2011-02-22,9.184000015258789,9.236000061035156,8.965999603271484,9.020999908447266,9.020999908447266,112742000,AMZN,8.941591,8.833999633789062,0.0,0.18700027465820312
2011-02-24,8.843000411987305,8.987500190734863,8.727999687194824,8.887499809265137,8.887499809265137,93130000,AMZN,8.968822,8.862000465393066,-0.025499343872070312,0.0
2011-03-08,8.469499588012695,8.48550033569336,8.336000442504883,8.344499588012695,8.344499588012695,84380000,AMZN,8.419003,8.452500343322754,0.1080007553100586,0.0
2011-03-11,8.274999618530273,8.460000038146973,8.206000328063965,8.403499603271484,8.403499603271484,92198000,AMZN,8.444182,8.33650016784668,-0.06699943542480469,0.0
2011-03-17,8.295499801635742,8.3149995803833,8.038999557495117,8.048500061035156,8.048500061035156,129428000,AMZN,8.120541,8.090999603271484,0.042499542236328125,0.0
2011-03-25,8.581999778747559,8.674500465393066,8.515000343322754,8.548999786376953,8.548999786376953,85876000,AMZN,8.629708,8.467499732971191,-0.08150005340576172,0.0
2011-04-01,9.079000473022461,9.162500381469727,8.929499626159668,9.006500244140625,9.006500244140625,113682000,AMZN,8.98742,9.147000312805176,0.0,-0.14050006866455078
2011-04-11,9.243000030517578,9.32450008392334,9.092499732971191,9.20199966430664,9.20199966430664,65942000,AMZN,9.281159,9.02400016784668,-0.17799949645996094,0.0
2011-04-12,9.152999877929688,9.229499816894531,8.970999717712402,9.02400016784668,9.02400016784668,106690000,AMZN,9.075021,9.114500045776367,0.0904998779296875,0.0
2011-04-19,8.917499542236328,8.97350025177002,8.829999923706055,8.940999984741211,8.940999984741211,52920000,AMZN,9.111467,9.193499565124512,0.2524995803833008,0.0
2011-05-11,10.156000137329102,10.274999618530273,10.112500190734863,10.218999862670898,10.218999862670898,96180000,AMZN,10.304396,10.303500175476074,0.08450031280517578,0.0
2011-05-18,9.706500053405762,9.913999557495117,9.662500381469727,9.854499816894531,9.854499816894531,99116000,AMZN,10.0573015,9.9399995803833,0.08549976348876953,0.0
2011-05-20,9.897500038146973,9.989999771118164,9.862000465393066,9.932499885559082,9.932499885559082,67620000,AMZN,10.11166,9.810999870300293,-0.12150001525878906,0.0
2011-05-31,9.79699993133545,9.92199993133545,9.751500129699707,9.834500312805176,9.834500312805176,68180000,AMZN,9.985548,9.619999885559082,-0.21450042724609375,0.0
2011-06-06,9.400500297546387,9.492500305175781,9.258999824523926,9.284500122070312,9.284500122070312,74320000,AMZN,9.322621,9.3774995803833,0.09299945831298828,0.0
2011-06-13,9.340499877929688,9.465499877929688,9.243000030517578,9.314499855041504,9.314499855041504,77378000,AMZN,9.364139,9.498000144958496,0.1835002899169922,0.0
2011-06-20,9.29800033569336,9.442500114440918,9.278499603271484,9.38599967956543,9.38599967956543,56634000,AMZN,9.447041,9.71150016784668,0.32550048828125,0.0
2011-06-24,9.694000244140625,9.746000289916992,9.567500114440918,9.6274995803833,9.6274995803833,72290000,AMZN,9.701351,10.0625,0.4350004196166992,0.0
2011-07-12,10.732000350952148,10.782500267028809,10.555999755859375,10.56149959564209,10.56149959564209,79714000,AMZN,10.610853,10.675000190734863,0.11350059509277344,0.0
2011-07-21,10.836999893188477,10.854499816894531,10.553500175476074,10.660499572753906,10.660499572753906,90906000,AMZN,10.759575,10.826000213623047,0.16550064086914062,0.0
2011-07-25,10.774499893188477,10.803999900817871,10.649999618530273,10.674500465393066,10.674500465393066,66856000,AMZN,10.847378,10.708999633789062,0.034499168395996094,0.0
2011-08-05,10.233499526977539,10.366000175476074,9.741999626159668,10.135000228881836,10.135000228881836,200480000,AMZN,10.17933,9.6850004196167,-0.4499998092651367,0.0
2011-08-15,10.102999687194824,10.263999938964844,9.916000366210938,10.147500038146973,10.147500038146973,95718000,AMZN,10.343036,9.883999824523926,-0.2635002136230469,0.0
2011-08-26,9.562000274658203,9.986000061035156,9.479999542236328,9.963500022888184,9.963500022888184,106214000,AMZN,9.929185,10.326499938964844,0.0,-0.36299991607666016
2011-08-29,10.140999794006348,10.333499908447266,10.1274995803833,10.326499938964844,10.326499938964844,90220000,AMZN,10.574692,10.545999526977539,0.2194995880126953,0.0
2011-08-31,10.613499641418457,10.808500289916992,10.567500114440918,10.761500358581543,10.761500358581543,148100000,AMZN,10.634818,10.626999855041504,0.0,0.13450050354003906
2011-09-02,10.446999549865723,10.534500122070312,10.350000381469727,10.5,10.5,84640000,AMZN,10.035816,10.809000015258789,0.0,-0.30900001525878906
2011-09-06,10.238499641418457,10.829999923706055,10.22350025177002,10.809000015258789,10.809000015258789,124324000,AMZN,10.45649,10.994999885559082,0.0,-0.18599987030029297
2011-09-09,10.7524995803833,10.847999572753906,10.487500190734863,10.569499969482422,10.569499969482422,91486000,AMZN,10.488117,10.82800006866455,0.0,-0.2585000991821289
2011-10-04,10.480999946594238,10.75,10.021499633789062,10.625,10.625,174232000,AMZN,10.530832,10.975000381469727,0.0,-0.35000038146972656
2011-10-12,11.831999778747559,12.092000007629395,11.716500282287598,11.840499877929688,11.840499877929688,130216000,AMZN,12.020434,11.807499885559082,-0.03299999237060547,0.0
2011-11-07,10.842000007629395,11.010000228881836,10.699999809265137,10.850000381469727,10.850000381469727,77200000,AMZN,10.8995495,10.899499893188477,0.04949951171875,0.0
2011-11-10,10.675000190734863,10.70300006866455,10.404999732971191,10.53950023651123,10.53950023651123,100892000,AMZN,10.370915,10.869500160217285,0.0,-0.3299999237060547
2011-11-25,9.520500183105469,9.541500091552734,9.075499534606934,9.119999885559082,9.119999885559082,99440000,AMZN,9.204004,9.707500457763672,0.5875005722045898,0.0
2011-12-08,9.678500175476074,9.794500350952148,9.503999710083008,9.52400016784668,9.52400016784668,87222000,AMZN,9.464267,9.65149974822998,0.0,-0.12749958038330078
2011-12-23,8.961000442504883,8.984000205993652,8.779999732971191,8.86400032043457,8.86400032043457,69930000,AMZN,8.992625,8.81350040435791,-0.050499916076660156,0.0
2011-12-28,8.819499969482422,8.832500457763672,8.61400032043457,8.694499969482422,8.694499969482422,73190000,AMZN,8.665989,8.692999839782715,0.0,0.0015001296997070312
2011-12-30,8.668000221252441,8.758500099182129,8.624500274658203,8.654999732971191,8.654999732971191,85596000,AMZN,8.739271,8.951499938964844,0.29650020599365234,0.0
2012-01-10,9.055000305175781,9.119999885559082,8.854999542236328,8.967000007629395,8.967000007629395,79716000,AMZN,8.936661,8.944999694824219,0.0,0.02200031280517578
2012-01-18,9.097000122070312,9.512499809265137,9.055999755859375,9.472000122070312,9.472000122070312,149470000,AMZN,9.510477,9.72249984741211,0.2504997253417969,0.0
2012-01-26,9.46500015258789,9.742500305175781,9.43649959564209,9.666000366210938,9.666000366210938,117472000,AMZN,9.775199,9.768500328063965,0.10249996185302734,0.0
2012-02-06,9.314000129699707,9.32800006866455,9.145999908447266,9.156999588012695,9.156999588012695,106200000,AMZN,9.406515,9.209500312805176,0.05250072479248047,0.0
2012-02-07,9.132499694824219,9.246999740600586,9.102999687194824,9.209500312805176,9.209500312805176,102078000,AMZN,9.336462,9.27400016784668,0.0644998550415039,0.0
2012-02-13,9.358499526977539,9.625,9.284000396728516,9.579500198364258,9.579500198364258,121428000,AMZN,9.75085,9.5649995803833,-0.014500617980957031,0.0
2012-02-17,9.004500389099121,9.170499801635742,8.968000411987305,9.125,9.125,148362000,AMZN,9.194575,9.11299991607666,-0.012000083923339844,0.0
2012-02-28,8.944999694824219,9.214500427246094,8.897500038146973,9.1899995803833,9.1899995803833,115290000,AMZN,9.325219,8.98449993133545,-0.20549964904785156,0.0
2012-03-06,8.934000015258789,9.175000190734863,8.902000427246094,9.054499626159668,9.054499626159668,112244000,AMZN,9.053844,9.18850040435791,0.0,-0.1340007781982422
2012-03-13,9.196000099182129,9.243499755859375,9.03849983215332,9.229499816894531,9.229499816894531,88116000,AMZN,9.202259,9.11299991607666,0.0,0.1164999008178711
2012-03-22,9.527000427246094,9.70300006866455,9.512999534606934,9.619999885559082,9.619999885559082,74792000,AMZN,9.679022,9.751999855041504,0.13199996948242188,0.0
2012-03-23,9.600500106811523,9.8100004196167,9.59000015258789,9.751999855041504,9.751999855041504,119680000,AMZN,9.822496,10.143500328063965,0.39150047302246094,0.0
2012-03-28,10.307000160217285,10.350000381469727,10.01550006866455,10.057999610900879,10.057999610900879,124900000,AMZN,9.997519,10.230500221252441,0.0,-0.1725006103515625
2012-03-29,10.064000129699707,10.26550006866455,10.031499862670898,10.230500221252441,10.230500221252441,114224000,AMZN,10.135068,10.125499725341797,0.0,0.10500049591064453
2012-03-30,10.25100040435791,10.342499732971191,10.093500137329102,10.125499725341797,10.125499725341797,88762000,AMZN,10.228539,9.90250015258789,-0.22299957275390625,0.0
2012-04-04,9.84749984741211,9.883999824523926,9.618000030517578,9.69950008392334,9.69950008392334,109138000,AMZN,9.737145,9.719499588012695,0.01999950408935547,0.0
2012-04-09,9.60099983215332,9.710000038146973,9.524999618530273,9.593500137329102,9.593500137329102,62718000,AMZN,9.771174,9.348999977111816,-0.24450016021728516,0.0
2012-04-11,9.481499671936035,9.59850025177002,9.339500427246094,9.398500442504883,9.398500442504883,86756000,AMZN,9.6189375,9.534500122070312,0.1359996795654297,0.0
2012-04-12,9.402999877929688,9.61299991607666,9.280500411987305,9.534500122070312,9.534500122070312,80558000,AMZN,9.7033615,9.42300033569336,-0.11149978637695312,0.0
2012-04-17,9.36050033569336,9.501999855041504,9.343500137329102,9.419500350952148,9.419500350952148,56584000,AMZN,9.607759,9.553500175476074,0.13399982452392578,0.0
2012-04-18,9.440999984741211,9.672499656677246,9.437000274658203,9.553500175476074,9.553500175476074,80038000,AMZN,9.764307,9.555000305175781,0.0015001296997070312,0.0
2012-04-20,9.616999626159668,9.673999786376953,9.489999771118164,9.49899959564209,9.49899959564209,64872000,AMZN,9.590468,9.411999702453613,-0.08699989318847656,0.0
2012-04-23,9.44950008392334,9.44950008392334,9.275500297546387,9.411999702453613,9.411999702453613,69620000,AMZN,9.33808,9.516500473022461,0.0,-0.10450077056884766
2012-04-27,11.241499900817871,11.434499740600586,11.01099967956543,11.342499732971191,11.342499732971191,442338000,AMZN,11.864253,11.595000267028809,0.2525005340576172,0.0
2012-05-01,11.470000267028809,11.648500442504883,11.420000076293945,11.501999855041504,11.501999855041504,135098000,AMZN,11.508821,11.512499809265137,0.010499954223632812,0.0
2012-05-07,11.118000030517578,11.343500137329102,11.114500045776367,11.258000373840332,11.258000373840332,66286000,AMZN,11.124049,11.194999694824219,0.0,0.06300067901611328
2012-05-11,11.297499656677246,11.534000396728516,11.286499977111816,11.383999824523926,11.383999824523926,83872000,AMZN,11.696588,11.146499633789062,-0.23750019073486328,0.0
2012-05-18,10.970499992370605,10.981499671936035,10.64050006866455,10.692500114440918,10.692500114440918,104634000,AMZN,10.730807,10.905500411987305,0.21300029754638672,0.0
2012-05-23,10.73550033569336,10.8774995803833,10.559000015258789,10.86400032043457,10.86400032043457,84876000,AMZN,10.96432,10.76200008392334,-0.10200023651123047,0.0
2012-05-24,10.848999977111816,10.883000373840332,10.635000228881836,10.76200008392334,10.76200008392334,62822000,AMZN,11.024866,10.644499778747559,-0.11750030517578125,0.0
2012-05-25,10.749500274658203,10.798999786376953,10.611000061035156,10.644499778747559,10.644499778747559,43428000,AMZN,10.899495,10.737500190734863,0.09300041198730469,0.0
2012-06-13,10.776000022888184,10.869000434875488,10.675999641418457,10.736499786376953,10.736499786376953,46504000,AMZN,10.696392,10.72249984741211,0.0,0.01399993896484375
2012-06-15,10.76449966430664,10.966500282287598,10.722999572753906,10.917499542236328,10.917499542236328,75704000,AMZN,10.913146,11.133000373840332,0.0,-0.2155008316040039
2012-06-20,11.225500106811523,11.237000465393066,11.041999816894531,11.151000022888184,11.151000022888184,48888000,AMZN,11.182513,11.028499603271484,-0.12250041961669922,0.0
2012-06-27,11.250499725341797,11.375,11.164999961853027,11.281000137329102,11.281000137329102,55984000,AMZN,11.316642,11.065500259399414,-0.2154998779296875,0.0
2012-07-05,11.430999755859375,11.524999618530273,11.326499938964844,11.352999687194824,11.352999687194824,53646000,AMZN,11.442611,11.2524995803833,-0.10050010681152344,0.0
2012-07-12,10.830499649047852,10.864999771118164,10.630499839782715,10.767999649047852,10.767999649047852,52324000,AMZN,10.786859,10.919500350952148,0.15150070190429688,0.0
2012-07-13,10.781499862670898,10.965499877929688,10.694000244140625,10.919500350952148,10.919500350952148,44438000,AMZN,11.087087,10.80049991607666,-0.11900043487548828,0.0
2012-07-18,10.807499885559082,10.933500289916992,10.785499572753906,10.873499870300293,10.873499870300293,41860000,AMZN,11.059639,11.308500289916992,0.4350004196166992,0.0
2012-07-23,11.236000061035156,11.329000473022461,11.07699966430664,11.30049991607666,11.30049991607666,110302000,AMZN,11.150299,11.152000427246094,0.0,0.1484994888305664
2012-07-30,11.850000381469727,12.036999702453613,11.703499794006348,11.804499626159668,11.804499626159668,74728000,AMZN,12.018525,11.664999961853027,-0.13949966430664062,0.0
2012-08-10,11.654000282287598,11.742500305175781,11.571499824523926,11.637499809265137,11.637499809265137,37050000,AMZN,11.703231,11.621999740600586,-0.015500068664550781,0.0
2012-08-16,11.88599967956543,12.140999794006348,11.8100004196167,12.077500343322754,12.077500343322754,86242000,AMZN,12.241228,12.058500289916992,-0.01900005340576172,0.0
2012-08-20,12.068499565124512,12.082500457763672,11.90999984741211,12.017499923706055,12.017499923706055,37798000,AMZN,12.02908,11.97249984741211,-0.04500007629394531,0.0
2012-08-23,12.107000350952148,12.173999786376953,11.951000213623047,12.0600004196167,12.0600004196167,49078000,AMZN,12.120801,12.286999702453613,0.22699928283691406,0.0
2012-08-24,12.083999633789062,12.343500137329102,12.067999839782715,12.286999702453613,12.286999702453613,73976000,AMZN,12.364781,12.196000099182129,-0.09099960327148438,0.0
2012-09-05,12.380499839782715,12.430500030517578,12.265000343322754,12.310999870300293,12.310999870300293,53052000,AMZN,12.3664055,12.569000244140625,0.25800037384033203,0.0
2012-09-11,12.880000114440918,12.880000114440918,12.713000297546387,12.783499717712402,12.783499717712402,50496000,AMZN,12.802794,12.781499862670898,-0.0019998550415039062,0.0
2012-09-12,12.824999809265137,12.888999938964844,12.675000190734863,12.781499862670898,12.781499862670898,45464000,AMZN,12.840192,13.01200008392334,0.2305002212524414,0.0
2012-09-21,13.086999893188477,13.100000381469727,12.836999893188477,12.873499870300293,12.873499870300293,121186000,AMZN,12.980183,12.739999771118164,-0.1335000991821289,0.0
2012-09-25,12.816499710083008,12.947500228881836,12.55150032043457,12.623000144958496,12.623000144958496,88116000,AMZN,12.823237,12.483499526977539,-0.13950061798095703,0.0
2012-09-27,12.527000427246094,12.869999885559082,12.526000022888184,12.829500198364258,12.829500198364258,67948000,AMZN,13.000294,12.715999603271484,-0.11350059509277344,0.0
2012-11-01,11.71150016784668,11.727499961853027,11.567000389099121,11.607000350952148,11.607000350952148,78102000,AMZN,11.705483,11.621000289916992,0.01399993896484375,0.0
2012-11-15,11.114999771118164,11.258000373840332,10.909000396728516,11.029999732971191,11.029999732971191,68094000,AMZN,10.999329,11.261500358581543,0.0,-0.23150062561035156
2012-11-20,11.5,11.690999984741211,11.475000381469727,11.689000129699707,11.689000129699707,55434000,AMZN,11.712982,11.90149974822998,0.21249961853027344,0.0
2012-11-28,12.1225004196167,12.361499786376953,12.074999809265137,12.355500221252441,12.355500221252441,54868000,AMZN,12.1846,12.56350040435791,0.0,-0.20800018310546875
2012-11-29,12.40250015258789,12.62399959564209,12.375,12.56350040435791,12.56350040435791,106210000,AMZN,12.556642,12.602499961853027,0.0,-0.03899955749511719
2012-12-05,12.621999740600586,12.77750015258789,12.519000053405762,12.697999954223633,12.697999954223633,57044000,AMZN,12.741873,12.668499946594238,-0.02950000762939453,0.0
2013-01-08,13.353500366210938,13.449000358581543,13.178500175476074,13.319000244140625,13.319000244140625,60214000,AMZN,13.335602,13.317500114440918,-0.0015001296997070312,0.0
2013-01-14,13.399999618530273,13.713000297546387,13.376999855041504,13.636500358581543,13.636500358581543,85500000,AMZN,13.66502,13.595000267028809,-0.041500091552734375,0.0
2013-01-23,13.528499603271484,13.554499626159668,13.332500457763672,13.405500411987305,13.405500411987305,50178000,AMZN,13.44969,13.673000335693358,0.2674999237060529,0.0
2013-01-24,13.468500137329102,13.832500457763672,13.468500137329102,13.67300033569336,13.67300033569336,68340000,AMZN,13.799452,14.19950008392334,0.5264997482299805,0.0
2013-01-25,13.75,14.236000061035156,13.720000267028809,14.19950008392334,14.19950008392334,99362000,AMZN,14.320829,13.802000045776367,-0.39750003814697266,0.0
2013-01-31,13.552000045776367,13.79699993133545,13.1850004196167,13.274999618530273,13.274999618530273,135442000,AMZN,13.2637,13.25,0.0,0.024999618530273438
2013-02-04,13.138999938964844,13.234000205993652,12.953499794006348,12.99899959564209,12.99899959564209,74472000,AMZN,13.078548,13.344499588012695,0.34549999237060547,0.0
2013-02-11,13.15999984741211,13.162500381469727,12.829999923706055,12.86050033569336,12.86050033569336,68074000,AMZN,13.020713,12.9350004196167,0.07450008392333984,0.0
2013-02-13,13.076499938964844,13.498000144958496,13.015000343322754,13.47350025177002,13.47350025177002,105860000,AMZN,13.588568,13.461999893188475,-0.011500358581544745,0.0
2013-02-20,13.510000228881836,13.71500015258789,13.318499565124512,13.320500373840332,13.320500373840332,70578000,AMZN,13.462516,13.296999931335447,-0.02350044250488459,0.0
2013-02-21,13.255999565124512,13.473999977111816,13.162500381469727,13.29699993133545,13.29699993133545,72748000,AMZN,13.179176,13.270999908447267,0.0,0.026000022888181817
2013-02-27,12.970000267028809,13.291500091552734,12.843000411987305,13.162500381469727,13.162500381469727,58162000,AMZN,13.1935005,13.213500022888185,0.05099964141845881,0.0
2013-03-14,13.483499526977539,13.5,13.17650032043457,13.286999702453613,13.286999702453613,104534000,AMZN,13.079865,13.090999603271484,0.0,0.1960000991821289
2013-03-28,13.291000366210938,13.369000434875488,13.20300006866455,13.32450008392334,13.32450008392334,49474000,AMZN,13.43348,13.080499649047852,-0.24400043487548828,0.0
2013-04-09,12.942500114440918,13.130499839782715,12.850000381469727,13.057000160217285,13.057000160217285,43132000,AMZN,13.148473,13.238499641418457,0.18149948120117188,0.0
2013-04-24,13.475000381469727,13.57349967956543,13.340499877929688,13.439000129699707,13.439000129699707,37056000,AMZN,13.647968,13.734999656677244,0.2959995269775373,0.0
2013-04-30,12.468500137329102,12.734000205993652,12.428000450134277,12.690500259399414,12.690500259399414,84976000,AMZN,12.681714,12.411499977111816,0.0,0.27900028228759766
2013-05-07,12.815500259399414,12.987000465393066,12.645500183105469,12.886500358581543,12.886500358581543,62674000,AMZN,13.009304,12.93400001525879,0.04749965667724787,0.0
2013-05-09,12.93649959564209,13.177499771118164,12.843999862670898,13.008000373840332,13.008000373840332,55386000,AMZN,13.124738,13.181500434875488,0.17350006103515625,0.0
2013-05-10,13.043999671936035,13.182499885559082,13.010499954223633,13.181500434875488,13.181500434875488,62906000,AMZN,13.167349,13.225500106811523,0.0,-0.043999671936035156
2013-05-15,13.353500366210938,13.452500343322754,13.227999687194824,13.32800006866455,13.32800006866455,54410000,AMZN,13.205384,13.206000328063965,0.0,0.12199974060058594
2013-05-21,13.437000274658203,13.53849983215332,13.383000373840332,13.442999839782715,13.442999839782715,34824000,AMZN,13.495753,13.14799976348877,-0.2950000762939453,0.0
2013-05-22,13.369500160217285,13.379500389099121,13.039999961853027,13.14799976348877,13.14799976348877,66640000,AMZN,13.063992,13.090000152587889,0.0,0.05799961090088068
2013-05-24,12.992500305175781,13.096500396728516,12.916999816894531,13.086999893188477,13.086999893188477,33926000,AMZN,13.067442,13.364500045776367,0.0,-0.2775001525878906
2013-06-10,13.833999633789062,14.123499870300293,13.76200008392334,14.053500175476074,14.053500175476074,61730000,AMZN,14.14,13.739000320434569,-0.3144998550415057,0.0
2013-06-13,13.574999809265137,13.84000015258789,13.51449966430664,13.78950023651123,13.78950023651123,52996000,AMZN,13.758196,13.699500083923338,0.0,0.0900001525878924
2013-06-14,13.75,13.853500366210938,13.67199993133545,13.69950008392334,13.69950008392334,43016000,AMZN,13.841096,13.902999877929688,0.20349979400634766,0.0
2013-06-19,14.062999725341797,14.166999816894531,13.893500328063965,13.907999992370605,13.907999992370605,56550000,AMZN,13.998549,13.67199993133545,-0.23600006103515625,0.0
2013-06-25,13.614999771118164,13.673500061035156,13.449999809265137,13.604499816894531,13.604499816894531,48992000,AMZN,13.758122,13.878499984741211,0.2740001678466797,0.0
2013-07-16,15.364999771118164,15.469499588012695,15.275500297546387,15.343500137329102,15.343500137329102,53204000,AMZN,15.360984,15.434499740600586,0.09099960327148438,0.0
2013-07-23,15.157999992370605,15.253000259399414,15.027999877929688,15.053000450134277,15.053000450134277,39992000,AMZN,15.100767,14.946999549865723,-0.10600090026855469,0.0
2013-08-02,15.231499671936035,15.266500473022461,15.074999809265137,15.21049976348877,15.21049976348877,50052000,AMZN,15.333762,15.049500465393066,-0.16099929809570312,0.0
2013-08-15,14.439499855041504,14.46500015258789,14.257499694824219,14.32349967956543,14.32349967956543,45228000,AMZN,14.275427,14.241000175476076,0.0,0.08249950408935369
2013-08-19,14.259499549865723,14.477999687194824,14.173999786376953,14.278499603271484,14.278499603271484,49548000,AMZN,14.369528,14.354499816894531,0.07600021362304688,0.0
2013-08-21,14.254500389099121,14.425000190734863,14.191499710083008,14.228500366210938,14.228500366210938,36306000,AMZN,14.29141,14.486499786376953,0.2579994201660156,0.0
2013-08-23,14.560500144958496,14.574999809265137,14.395000457763672,14.500499725341797,14.500499725341797,39238000,AMZN,14.625062,14.310500144958496,-0.18999958038330078,0.0
2013-08-28,14.017999649047852,14.149999618530273,13.966500282287598,14.079000473022461,14.079000473022461,29142000,AMZN,13.986098,14.199000358581545,0.0,-0.11999988555908381
2013-08-29,14.072500228881836,14.298999786376953,14.0,14.199000358581543,14.199000358581543,31328000,AMZN,14.195558,14.048999786376953,0.0,0.15000057220458984
2013-08-30,14.229499816894531,14.243499755859375,14.0,14.048999786376953,14.048999786376953,30694000,AMZN,14.047924,14.4399995803833,0.0,-0.39099979400634766
2013-09-16,14.991000175476074,15.050000190734863,14.762999534606934,14.803000450134277,14.803000450134277,36168000,AMZN,14.790347,15.208499908447266,0.0,-0.4054994583129883
2013-09-18,15.20300006866455,15.63700008392334,15.145500183105469,15.601499557495117,15.601499557495117,58928000,AMZN,15.733207,15.602999687194822,0.001500129699705255,0.0
2013-09-24,15.621500015258789,15.904000282287598,15.564000129699707,15.706500053405762,15.706500053405762,40672000,AMZN,15.7436,15.632499694824219,-0.07400035858154297,0.0
2013-10-23,16.54199981689453,16.586000442504883,16.202999114990234,16.33799934387207,16.33799934387207,56364000,AMZN,16.158133,16.61050033569336,0.0,-0.27250099182128906
2013-10-25,17.93000030517578,18.420000076293945,17.631000518798828,18.16950035095215,18.16950035095215,240736000,AMZN,18.669243,17.908000946044922,-0.26149940490722656,0.0
2013-11-04,18.006000518798828,18.049999237060547,17.719999313354492,17.937000274658203,17.937000274658203,38768000,AMZN,17.822254,17.944499969482422,0.0,-0.00749969482421875
2013-11-11,17.529499053955078,17.76849937438965,17.402999877929688,17.7189998626709,17.7189998626709,45234000,AMZN,18.13596,17.476499557495117,-0.24250030517578125,0.0
2013-11-15,18.381500244140625,18.645000457763672,18.27750015258789,18.458499908447266,18.458499908447266,89832000,AMZN,18.797249,18.30900001525879,-0.14949989318847656,0.0
2013-11-20,18.378000259399414,18.378000259399414,18.022499084472656,18.12849998474121,18.12849998474121,35430000,AMZN,18.21394,18.445999145507812,0.31749916076660156,0.0
2013-11-29,19.454999923706055,19.704999923706055,19.430999755859375,19.680999755859375,19.680999755859375,48120000,AMZN,19.865368,19.614999771118164,-0.06599998474121094,0.0
2013-12-09,19.405500411987305,19.410499572753906,19.12849998474121,19.24449920654297,19.24449920654297,55236000,AMZN,19.336103,19.388999938964844,0.144500732421875,0.0
2013-12-24,20.125999450683594,20.18600082397461,19.818500518798828,19.959999084472656,19.959999084472656,27608000,AMZN,19.941998,20.219499588012695,0.0,-0.25950050354003906
2014-01-09,20.18549919128418,20.344499588012695,19.922000885009766,20.050500869750977,20.050500869750977,42060000,AMZN,20.260555,19.882999420166016,-0.16750144958496094,0.0
2014-01-17,19.71299934387207,20.17449951171875,19.683000564575195,19.980499267578125,19.980499267578125,90102000,AMZN,20.028212,20.352500915527344,0.37200164794921875,0.0
2014-02-20,17.440000534057617,17.523000717163086,17.2189998626709,17.489999771118164,17.489999771118164,69856000,AMZN,17.11338,17.33799934387207,0.0,0.15200042724609375
2014-02-26,17.993000030517578,18.237499237060547,17.85849952697754,17.989999771118164,17.989999771118164,72442000,AMZN,17.967903,18.006500244140625,0.0,-0.016500473022460938
2014-02-28,18.030000686645508,18.293500900268555,17.854000091552734,18.104999542236328,18.104999542236328,77640000,AMZN,17.87357,17.98900032043457,0.0,0.11599922180175781
2014-03-28,17.002500534057617,17.350000381469727,16.804000854492188,16.914499282836914,16.914499282836914,79736000,AMZN,17.243937,16.818500518798828,-0.09599876403808594,0.0
2014-04-25,15.8125,15.82450008392334,15.135499954223633,15.191499710083008,15.191499710083008,323604000,AMZN,14.3751135,14.829000473022461,0.0,0.3624992370605469
2014-04-28,15.199999809265137,15.219499588012695,14.399999618530273,14.829000473022461,14.829000473022461,289596000,AMZN,14.139549,15.019000053405762,0.0,-0.18999958038330078
2014-05-01,15.206500053405762,15.52400016784668,15.199999809265137,15.394499778747559,15.394499778747559,86572000,AMZN,15.570359,15.400500297546388,0.006000518798829901,0.0
2014-05-02,15.520999908447266,15.66450023651123,15.215499877929688,15.400500297546387,15.400500297546387,79902000,AMZN,15.510271,15.5024995803833,0.10199928283691406,0.0
2014-06-02,15.629500389099121,15.630000114440918,15.350000381469727,15.442000389099121,15.442000389099121,44068000,AMZN,15.309382,15.35949993133545,0.0,0.08250045776367188
2014-06-03,15.287500381469727,15.395999908447266,15.253499984741211,15.35949993133545,15.35949993133545,47584000,AMZN,15.157938,15.338999748229982,0.0,0.020500183105466974
2014-07-07,16.875,16.877500534057617,16.625999450683594,16.677499771118164,16.677499771118164,42578000,AMZN,16.751818,16.190500259399414,-0.48699951171875,0.0
2014-07-15,17.68600082397461,17.779499053955078,17.469999313354492,17.722000122070312,17.722000122070312,83418000,AMZN,17.692516,17.795000076293945,0.0,-0.07299995422363281
2014-07-24,17.999000549316406,18.24250030517578,17.926000595092773,17.930500030517578,17.930500030517578,141774000,AMZN,17.995138,16.20050048828125,-1.7299995422363281,0.0
2014-08-01,15.684499740600586,15.791500091552734,15.229499816894531,15.352999687194824,15.352999687194824,148830000,AMZN,15.525807,15.682499885559084,0.3295001983642596,0.0
2014-08-05,15.664999961853027,15.727499961853027,15.503000259399414,15.616000175476074,15.616000175476074,57042000,AMZN,15.937301,15.694499969482422,0.07849979400634766,0.0
2014-08-11,15.923999786376953,16.018999099731445,15.843999862670898,15.916500091552734,15.916500091552734,49372000,AMZN,15.969744,15.965999603271483,0.049499511718748224,0.0
2014-08-12,15.944499969482422,16.065500259399414,15.84749984741211,15.965999603271484,15.965999603271484,38316000,AMZN,15.850762,16.31399917602539,0.0,-0.34799957275390625
2014-09-03,17.12700080871582,17.16349983215332,16.877500534057617,16.950000762939453,16.950000762939453,39874000,AMZN,16.993563,17.297500610351562,0.3474998474121094,0.0
2014-09-10,16.71500015258789,16.749000549316406,16.44099998474121,16.566499710083008,16.566499710083008,75948000,AMZN,16.577454,16.525999069213867,-0.040500640869140625,0.0
2014-09-11,16.496999740600586,16.65049934387207,16.319499969482422,16.525999069213867,16.525999069213867,54404000,AMZN,16.598368,16.559499740600586,0.03350067138671875,0.0
2014-09-15,16.545499801635742,16.566499710083008,15.949999809265137,16.194499969482422,16.194499969482422,80008000,AMZN,16.238493,16.38800048828125,0.19350051879882812,0.0
2014-09-16,16.053499221801758,16.474000930786133,16.0049991607666,16.38800048828125,16.38800048828125,65198000,AMZN,16.399702,16.200000762939453,-0.18799972534179688,0.0
2014-09-19,16.3799991607666,16.63800048828125,16.278499603271484,16.56599998474121,16.56599998474121,137724000,AMZN,16.679955,16.225000381469727,-0.3409996032714844,0.0
2014-09-26,16.030000686645508,16.174999237060547,15.881999969482422,16.160499572753906,16.160499572753906,72760000,AMZN,15.950165,16.090999603271484,0.0,0.06949996948242188
2014-10-08,15.829000473022461,16.20549964904785,15.706999778747559,16.135000228881836,16.135000228881836,69056000,AMZN,15.961918,15.768500328063965,0.0,0.3664999008178711
2014-10-23,15.670000076293945,15.84000015258789,15.569999694824219,15.659000396728516,15.659000396728516,180764000,AMZN,15.483407,14.352999687194822,0.0,1.3060007095336932
2014-10-24,14.220000267028809,14.690500259399414,14.199999809265137,14.352999687194824,14.352999687194824,396022000,AMZN,13.44719,14.498499870300295,0.0,-0.14550018310547053
2014-11-04,15.19950008392334,15.212499618530273,15.008500099182129,15.14050006866455,15.14050006866455,68548000,AMZN,15.018877,14.826000213623045,0.0,0.3144998550415057
2014-11-12,15.537500381469727,15.628999710083008,15.439499855041504,15.575499534606934,15.575499534606934,43660000,AMZN,15.518402,15.824000358581543,0.0,-0.24850082397460938
2014-11-17,16.32200050354004,16.399999618530273,15.90149974822998,16.15250015258789,16.15250015258789,95698000,AMZN,16.027473,16.24650001525879,0.0,-0.09399986267089844
2014-11-24,16.73900032043457,16.86949920654297,16.68000030517578,16.781999588012695,16.781999588012695,55084000,AMZN,16.707716,16.75200080871582,0.0,0.029998779296875
2014-12-11,15.394499778747559,15.631999969482422,15.30049991607666,15.368000030517578,15.368000030517578,65258000,AMZN,15.688714,15.366000175476074,-0.0019998550415039062,0.0
2014-12-24,15.319000244140625,15.350000381469727,15.144000053405762,15.15149974822998,15.15149974822998,30276000,AMZN,15.177619,15.454500198364258,0.30300045013427734,0.0
2014-12-29,15.392499923706055,15.713500022888184,15.329000473022461,15.60200023651123,15.60200023651123,60180000,AMZN,15.563935,15.515000343322756,0.0,0.08699989318847479
2015-01-02,15.628999710083008,15.737500190734863,15.347999572753906,15.425999641418457,15.425999641418457,55664000,AMZN,15.273638,15.10949993133545,0.0,0.3164997100830078
2015-01-21,14.482000350952148,15.300000190734863,14.36299991607666,14.862500190734863,14.862500190734863,201302000,AMZN,14.839303,15.515999794006348,0.0,-0.6534996032714844
2015-01-27,15.3149995803833,15.51200008392334,15.131500244140625,15.337499618530273,15.337499618530273,58406000,AMZN,15.080716,15.19550037384033,0.0,0.14199924468994318
2015-02-03,18.01449966430664,18.391000747680664,18.010499954223633,18.177499771118164,18.177499771118164,124252000,AMZN,18.098116,18.237499237060547,0.0,-0.05999946594238281
2015-02-12,18.7549991607666,18.925500869750977,18.657499313354492,18.85849952697754,18.85849952697754,55822000,AMZN,18.999842,19.09149932861328,0.2329998016357422,0.0
2015-02-17,18.88599967956543,18.999500274658203,18.633499145507812,18.771499633789062,18.771499633789062,73464000,AMZN,18.95415,18.668500900268555,-0.10299873352050781,0.0
2015-02-25,18.863500595092773,19.392499923706055,18.82699966430664,19.26849937438965,19.26849937438965,63490000,AMZN,19.532047,19.239999771118164,-0.028499603271484375,0.0
2015-03-04,19.285499572753906,19.395000457763672,19.109500885009766,19.13599967956543,19.13599967956543,45182000,AMZN,19.479143,19.39150047302246,0.25550079345703125,0.0
2015-03-09,18.920000076293945,18.96649932861328,18.763999938964844,18.92799949645996,18.92799949645996,46228000,AMZN,18.9457,18.475500106811523,-0.4524993896484375,0.0
2015-03-10,18.872499465942383,18.888500213623047,18.458999633789062,18.475500106811523,18.475500106811523,62420000,AMZN,18.645975,18.318500518798828,-0.1569995880126953,0.0
2015-03-11,18.530500411987305,18.667499542236328,18.312999725341797,18.318500518798828,18.318500518798828,49902000,AMZN,18.49696,18.711999893188477,0.39349937438964844,0.0
2015-03-24,18.699499130249023,18.761999130249023,18.613500595092773,18.704500198364258,18.704500198364258,44564000,AMZN,18.520836,18.54800033569336,0.0,0.15649986267089844
2015-04-02,18.524999618530273,18.663999557495117,18.450000762939453,18.612499237060547,18.612499237060547,37506000,AMZN,18.581861,18.851999282836914,0.0,-0.2395000457763672
2015-04-20,18.927499771118164,19.597000122070312,18.850000381469727,19.475500106811523,19.475500106811523,100322000,AMZN,19.385958,19.55900001525879,0.0,-0.08349990844726562
2015-04-24,21.950000762939453,22.63249969482422,21.950000762939453,22.2549991607666,22.2549991607666,343538000,AMZN,23.283672,21.92799949645996,-0.3269996643066406,0.0
2015-04-30,21.355499267578125,21.587499618530273,20.961999893188477,21.089000701904297,21.089000701904297,72958000,AMZN,20.969654,21.14349937438965,0.0,-0.05449867248535156
2015-05-01,21.19099998474121,21.281999588012695,20.799999237060547,21.14349937438965,21.14349937438965,71316000,AMZN,20.936611,21.152000427246094,0.0,-0.008501052856445312
2015-05-06,21.071500778198242,21.13599967956543,20.727500915527344,20.954999923706055,20.954999923706055,51050000,AMZN,21.051996,21.3439998626709,0.38899993896484375,0.0
2015-05-07,21.207500457763672,21.424999237060547,21.142499923706055,21.3439998626709,21.3439998626709,55322000,AMZN,21.785824,21.684499740600586,0.3404998779296875,0.0
2015-05-15,21.399999618530273,21.520000457763672,21.21500015258789,21.299999237060547,21.299999237060547,84806000,AMZN,21.333178,21.261999130249023,-0.03800010681152344,0.0
2015-05-22,21.577499389648438,21.621999740600586,21.38050079345703,21.381500244140625,21.381500244140625,40412000,AMZN,21.655478,21.273500442504883,-0.10799980163574219,0.0
2015-06-08,21.2810001373291,21.34000015258789,21.071500778198242,21.174999237060547,21.174999237060547,43450000,AMZN,21.117975,21.27400016784668,0.0,-0.09900093078613281
2015-06-17,21.417999267578125,21.5674991607666,21.237499237060547,21.390499114990234,21.390499114990234,43718000,AMZN,21.484032,21.969499588012695,0.5790004730224609,0.0
2015-06-19,22.01300048828125,22.249500274658203,21.66200065612793,21.746000289916992,21.746000289916992,89902000,AMZN,21.858976,21.81450080871582,0.06850051879882812,0.0
2015-06-29,21.749000549316406,21.850000381469727,21.450000762939453,21.493000030517578,21.493000030517578,55064000,AMZN,21.321821,21.704500198364258,0.0,-0.2115001678466797
2015-07-15,23.152000427246094,23.235000610351562,23.010000228881836,23.059499740600586,23.059499740600586,59748000,AMZN,22.911268,23.77400016784668,0.0,-0.7145004272460938
2015-07-24,28.949499130249023,29.028499603271484,26.467500686645508,26.47100067138672,26.47100067138672,438188000,AMZN,28.161205,26.570499420166016,0.09949874877929688,0.0
2015-07-27,26.387500762939453,27.247499465942383,26.329999923706055,26.570499420166016,26.570499420166016,149820000,AMZN,26.01946,26.30150032043457,0.0,0.2689990997314453
2015-07-30,26.38249969482422,26.959999084472656,26.214500427246094,26.83799934387207,26.83799934387207,74862000,AMZN,26.834585,26.8075008392334,0.0,0.030498504638671875
2015-08-13,26.368499755859375,26.732999801635742,26.274499893188477,26.482999801635742,26.482999801635742,57904000,AMZN,27.08448,26.576000213623043,0.09300041198730113,0.0
2015-08-14,26.412500381469727,26.70549964904785,26.412500381469727,26.576000213623047,26.576000213623047,39896000,AMZN,27.03358,26.760999679565426,0.18499946594237926,0.0
2015-08-25,24.374500274658203,24.472000122070312,23.3125,23.318500518798828,23.318500518798828,113586000,AMZN,24.305079,25.03849983215332,1.7199993133544922,0.0
2015-08-26,24.201000213623047,25.18600082397461,23.937999725341797,25.03849983215332,25.03849983215332,127172000,AMZN,25.475008,25.918500900268555,0.8800010681152344,0.0
2015-09-02,25.254499435424805,25.542999267578125,24.88599967956543,25.52750015258789,25.52750015258789,74142000,AMZN,25.42976,25.236000061035156,0.0,0.2915000915527344
2015-09-08,25.434499740600586,25.917499542236328,25.425500869750977,25.87700080871582,25.87700080871582,76214000,AMZN,25.744713,25.844499588012695,0.0,0.032501220703125
2015-09-10,25.75749969482422,26.306499481201172,25.73900032043457,26.11199951171875,26.11199951171875,51520000,AMZN,25.793983,26.472000122070312,0.0,-0.3600006103515625
2015-09-21,27.21649932861328,27.48900032043457,26.97949981689453,27.41950035095215,27.41950035095215,65666000,AMZN,27.179743,26.92000007629395,0.0,0.4995002746581996
2015-09-30,25.27199935913086,25.639999389648438,25.083499908447266,25.594499588012695,25.594499588012695,80094000,AMZN,25.825857,26.035999298095707,0.44149971008301137,0.0
2015-10-15,27.387500762939453,28.149999618530273,27.350000381469727,28.121999740600586,28.121999740600586,98740000,AMZN,27.958317,28.538000106811523,0.0,-0.4160003662109375
2015-10-16,28.263500213623047,28.547000885009766,28.015499114990234,28.538000106811523,28.538000106811523,86316000,AMZN,28.641266,28.657499313354492,0.11949920654296875,0.0
2015-10-19,28.538000106811523,28.950000762939453,28.368999481201172,28.657499313354492,28.657499313354492,87508000,AMZN,28.692272,28.04400062561035,-0.6134986877441406,0.0
2015-10-20,28.600000381469727,28.649999618530273,27.763999938964844,28.04400062561035,28.04400062561035,86924000,AMZN,27.83078,27.78849983215332,0.0,0.25550079345703125
2015-10-23,30.884000778198242,30.97249984741211,29.76799964904785,29.951499938964844,29.951499938964844,213854000,AMZN,30.955116,30.430500030517575,0.4790000915527308,0.0
2015-10-29,30.885000228881836,31.37700080871582,30.769500732421875,31.327499389648438,31.327499389648438,77920000,AMZN,31.305916,31.295000076293945,0.0,0.03249931335449219
2015-11-06,32.75,33.112998962402344,32.599998474121094,32.96849822998047,32.96849822998047,81844000,AMZN,33.16127,32.77450180053711,-0.19399642944335938,0.0
2015-11-09,32.932498931884766,33.097999572753906,32.39250183105469,32.77450180053711,32.77450180053711,80976000,AMZN,32.877544,32.98400115966797,0.20949935913085938,0.0
2015-11-16,32.04600143432617,32.4995002746582,31.114500045776367,32.390499114990234,32.390499114990234,148718000,AMZN,32.014473,32.165000915527344,0.0,0.22549819946289062
2015-11-17,32.532501220703125,32.662498474121094,32.04999923706055,32.165000915527344,32.165000915527344,86404000,AMZN,32.85611,33.176998138427734,1.0119972229003906,0.0
2015-11-18,32.32550048828125,33.24399948120117,32.31850051879883,33.176998138427734,33.176998138427734,89396000,AMZN,33.540154,33.063499450683594,-0.11349868774414062,0.0
2015-11-20,33.39699935913086,33.44350051879883,32.878501892089844,33.42250061035156,33.42250061035156,77922000,AMZN,33.752018,33.949501037597656,0.5270004272460938,0.0
2015-11-23,33.57500076293945,34.13850021362305,33.50600051879883,33.949501037597656,33.949501037597656,87702000,AMZN,34.509827,33.557498931884766,-0.3920021057128906,0.0
2015-11-24,33.707000732421875,33.790000915527344,33.06050109863281,33.557498931884766,33.557498931884766,90868000,AMZN,33.771584,33.766998291015625,0.20949935913085938,0.0
2015-12-01,33.6875,34.04999923706055,33.393001556396484,33.952999114990234,33.952999114990234,95024000,AMZN,34.059483,33.800498962402344,-0.15250015258789062,0.0
2015-12-03,33.97200012207031,34.13949966430664,33.07400131225586,33.3125,33.3125,101294000,AMZN,33.47756,33.63199996948242,0.3194999694824219,0.0
2015-12-14,32.087501525878906,32.929500579833984,31.763500213623047,32.89550018310547,32.89550018310547,86594000,AMZN,32.758907,32.93199920654297,0.0,-0.0364990234375
2015-12-21,33.42499923706055,33.494998931884766,32.94649887084961,33.22549819946289,33.22549819946289,65018000,AMZN,33.174175,33.157501220703125,0.0,0.06799697875976562
2015-12-24,33.16749954223633,33.23400115966797,33.029998779296875,33.13949966430664,33.13949966430664,21824000,AMZN,33.043293,33.7599983215332,0.0,-0.6204986572265625
2016-01-06,31.100000381469727,31.989500045776367,31.015499114990234,31.63249969482422,31.63249969482422,106584000,AMZN,31.261702,30.396999359130863,0.0,1.2355003356933558
2016-01-07,31.09000015258789,31.5,30.260499954223633,30.39699935913086,30.39699935913086,141498000,AMZN,30.253439,30.352500915527344,0.0,0.044498443603515625
2016-01-12,31.262500762939453,31.29949951171875,30.61199951171875,30.894500732421875,30.894500732421875,94482000,AMZN,31.308325,29.090499877929688,-1.8040008544921875,0.0
2016-01-19,28.85449981689453,29.200000762939453,28.322500228881836,28.724000930786133,28.724000930786133,96144000,AMZN,28.704473,28.58849906921387,0.0,0.13550186157226207
2016-01-21,28.679000854492188,29.440500259399414,28.410999298095703,28.750999450683594,28.750999450683594,99044000,AMZN,28.807259,29.81900024414062,1.0680007934570277,0.0
2016-01-27,30.09950065612793,30.16950035095215,28.93899917602539,29.167499542236328,29.167499542236328,103058000,AMZN,28.651253,31.767499923706055,0.0,-2.6000003814697266
2016-02-01,28.907499313354492,29.09000015258789,28.515499114990234,28.74049949645996,28.74049949645996,127102000,AMZN,27.815767,27.604999542236328,0.0,1.1354999542236328
2016-02-03,27.674999237060547,27.799999237060547,26.094999313354492,26.553499221801758,26.553499221801758,200974000,AMZN,25.631319,26.812999725341797,0.0,-0.25950050354003906
2016-02-09,23.90049934387207,24.91900062561035,23.700000762939453,24.103500366210938,24.103500366210938,141558000,AMZN,24.098196,24.52400016784668,0.0,-0.4204998016357422
2016-02-11,24.558500289916992,25.46500015258789,24.200000762939453,25.19099998474121,25.19099998474121,147948000,AMZN,24.945808,25.354000091552734,0.0,-0.16300010681152344
2016-03-10,28.336999893188477,28.350000381469727,27.395000457763672,27.946500778198242,27.946500778198242,78398000,AMZN,27.880232,28.480499267578125,0.0,-0.5339984893798828
2016-03-11,28.34749984741211,28.503000259399414,28.136499404907227,28.480499267578125,28.480499267578125,75426000,AMZN,28.589703,28.668500900268555,0.1880016326904297,0.0
2016-03-14,28.350000381469727,28.844499588012695,28.15250015258789,28.668500900268555,28.668500900268555,69084000,AMZN,28.72314,28.850999832153317,0.18249893188476207,0.0
2016-03-15,28.549999237060547,29.076000213623047,28.350000381469727,28.85099983215332,28.85099983215332,77536000,AMZN,28.94142,28.713499069213867,-0.13750076293945312,0.0
2016-03-22,27.25550079345703,28.13800048828125,27.252500534057617,28.02400016784668,28.02400016784668,80012000,AMZN,27.961329,28.481500625610355,0.0,-0.4575004577636754
2016-03-23,28.049999237060547,28.624000549316406,27.905000686645508,28.48150062561035,28.48150062561035,79674000,AMZN,28.696774,29.14749908447266,0.6659984588623082,0.0
2016-03-31,29.964000701904297,30.037500381469727,29.61050033569336,29.68199920654297,29.68199920654297,53636000,AMZN,29.612421,29.924999237060543,0.0,-0.24300003051757457
2016-04-01,29.524499893188477,29.951499938964844,29.415000915527344,29.924999237060547,29.924999237060547,58348000,AMZN,29.513702,29.659500122070312,0.0,0.2654991149902344
2016-04-12,29.920000076293945,30.202999114990234,29.61549949645996,30.15850067138672,30.15850067138672,52822000,AMZN,30.207722,30.740999221801758,0.5824985504150391,0.0
2016-04-22,31.223499298095703,31.412500381469727,30.577999114990234,31.024999618530273,31.024999618530273,101678000,AMZN,30.706394,31.309999465942383,0.0,-0.2849998474121094
2016-04-28,30.777000427246094,31.34000015258789,29.959999084472656,30.100000381469727,30.100000381469727,157452000,AMZN,30.552874,32.97949981689453,2.8794994354248047,0.0
2016-05-03,33.86800003051758,34.01499938964844,33.52149963378906,33.566001892089844,33.566001892089844,98468000,AMZN,33.64514,33.54499816894531,-0.02100372314453125,0.0
2016-05-06,32.8025016784668,33.84749984741211,32.800498962402344,33.6974983215332,33.6974983215332,87306000,AMZN,33.359486,33.98749923706055,0.0,-0.29000091552734375
2016-05-13,35.731998443603516,35.962501525878906,35.32550048828125,35.49599838256836,35.49599838256836,95268000,AMZN,35.501877,35.53300094604492,0.0370025634765625,0.0
2016-05-17,35.494998931884766,35.7234992980957,34.695499420166016,34.76350021362305,34.76350021362305,102428000,AMZN,35.001167,34.872501373291016,0.10900115966796875,0.0
2016-05-20,35.0525016784668,35.36199951171875,35.0,35.13999938964844,35.13999938964844,58324000,AMZN,35.58828,34.837501525878906,-0.30249786376953125,0.0
2016-05-25,35.400001525878906,35.542999267578125,35.2760009765625,35.41749954223633,35.41749954223633,65354000,AMZN,36.017742,35.74549865722656,0.3279991149902344,0.0
2016-05-26,35.416500091552734,35.75,35.364498138427734,35.74549865722656,35.74549865722656,48934000,AMZN,36.141373,35.61199951171875,-0.1334991455078125,0.0
2016-06-02,36.048500061035156,36.41400146484375,35.775001525878906,36.4119987487793,36.4119987487793,60532000,AMZN,36.397987,36.277000427246094,0.0,0.13499832153320312
2016-06-03,36.33700180053711,36.349998474121094,35.92150115966797,36.277000427246094,36.277000427246094,67346000,AMZN,36.338207,36.33649826049805,0.059497833251953125,0.0
2016-06-10,36.11750030517578,36.249000549316406,35.71049880981445,35.89550018310547,35.89550018310547,68514000,AMZN,35.984802,35.762001037597656,-0.1334991455078125,0.0
2016-06-16,35.602500915527344,35.900001525878906,35.26499938964844,35.8754997253418,35.8754997253418,61960000,AMZN,35.763367,35.31949996948242,0.0,0.555999755859375
2016-06-27,34.60049819946289,34.840999603271484,34.10599899291992,34.56800079345703,34.56800079345703,111360000,AMZN,34.293278,35.397499084472656,0.0,-0.829498291015625
2016-06-28,35.0,35.400001525878906,34.90850067138672,35.397499084472656,35.397499084472656,80740000,AMZN,35.527164,35.779998779296875,0.38249969482421875,0.0
2016-06-30,35.86000061035156,35.96849822998047,35.62699890136719,35.78099822998047,35.78099822998047,57102000,AMZN,35.723976,36.284000396728516,0.0,-0.5030021667480469
2016-07-01,35.86600112915039,36.400001525878906,35.82699966430664,36.284000396728516,36.284000396728516,58408000,AMZN,36.184284,36.404998779296875,0.0,-0.12099838256835938
2016-07-11,37.5,37.79499816894531,37.349998474121094,37.68899917602539,37.68899917602539,63906000,AMZN,37.48022,37.410499572753906,0.0,0.2784996032714844
2016-07-21,37.375,37.46799850463867,37.13949966430664,37.221500396728516,37.221500396728516,46342000,AMZN,37.359043,37.24300003051758,0.0214996337890625,0.0
2016-07-25,37.32749938964844,37.42499923706055,36.76750183105469,36.980499267578125,36.980499267578125,53586000,AMZN,37.016743,36.77949905395508,-0.20100021362304688,0.0
2016-07-29,38.25,38.29999923706055,37.75,37.94049835205078,37.94049835205078,135542000,AMZN,38.148083,38.387001037597656,0.446502685546875,0.0
2016-08-03,37.85300064086914,37.94449996948242,37.61249923706055,37.731998443603516,37.731998443603516,71630000,AMZN,37.57148,38.03850173950195,0.0,-0.3065032958984375
2016-08-15,38.595001220703125,38.60200119018555,38.385501861572266,38.42449951171875,38.42449951171875,42370000,AMZN,38.472633,38.20199966430664,-0.22249984741210938,0.0
2016-08-17,38.22050094604492,38.26100158691406,37.959999084472656,38.23149871826172,38.23149871826172,37822000,AMZN,38.159637,38.222999572753906,0.0,0.0084991455078125
2016-08-30,38.5525016784668,38.59199905395508,38.27799987792969,38.37900161743164,38.37900161743164,34184000,AMZN,38.360226,38.45800018310547,0.0,-0.07899856567382812
2016-09-14,38.11000061035156,38.375,37.942501068115234,38.054500579833984,38.054500579833984,50460000,AMZN,38.015633,38.484500885009766,0.0,-0.43000030517578125
2016-09-16,38.66400146484375,39.02299880981445,38.58300018310547,38.92599868774414,38.92599868774414,109984000,AMZN,39.004173,38.755001068115234,-0.17099761962890625,0.0
2016-09-21,39.162498474121094,39.53450012207031,38.95050048828125,39.48699951171875,39.48699951171875,54372000,AMZN,39.446487,40.23500061035156,0.0,-0.7480010986328125
2016-09-23,40.15650177001953,40.38750076293945,40.10599899291992,40.287498474121094,40.287498474121094,47070000,AMZN,40.177814,39.95800018310547,0.0,0.329498291015625
2016-09-28,40.900001525878906,41.50699996948242,40.85150146484375,41.43600082397461,41.43600082397461,88442000,AMZN,41.291325,41.45249938964844,0.0,-0.016498565673828125
2016-09-29,41.41299819946289,41.875,41.23149871826172,41.45249938964844,41.45249938964844,98444000,AMZN,41.296295,41.865501403808594,0.0,-0.41300201416015625
2016-10-03,41.79999923706055,41.99300003051758,41.5625,41.83700180053711,41.83700180053711,55388000,AMZN,41.607845,41.701499938964844,0.0,0.13550186157226562
2016-10-10,42.162498474121094,42.2599983215332,42.01350021362305,42.08549880981445,42.08549880981445,36542000,AMZN,42.174362,41.54999923706055,-0.5354995727539062,0.0
2016-10-11,42.05099868774414,42.06449890136719,41.41749954223633,41.54999923706055,41.54999923706055,71764000,AMZN,41.597748,41.704498291015625,0.15449905395507812,0.0
2016-10-14,41.75400161743164,41.7869987487793,41.14799880981445,41.14799880981445,41.14799880981445,59996000,AMZN,41.5865,40.647499084472656,-0.5004997253417969,0.0
2016-10-21,40.46799850463867,40.97100067138672,40.45000076293945,40.949501037597656,40.949501037597656,55860000,AMZN,41.169983,41.90449905395508,0.9549980163574219,0.0
2016-10-31,39.05149841308594,39.685001373291016,39.00550079345703,39.49100112915039,39.49100112915039,108266000,AMZN,39.50263,39.27050018310547,-0.22050094604492188,0.0
2016-11-01,39.95000076293945,40.04199981689453,38.83549880981445,39.27050018310547,39.27050018310547,106108000,AMZN,39.425148,38.27799987792969,-0.9925003051757812,0.0
2016-11-03,38.252498626708984,38.849998474121094,38.20000076293945,38.35150146484375,38.35150146484375,77450000,AMZN,38.42151,37.752498626708984,-0.5990028381347656,0.0
2016-11-07,38.582000732421875,39.38650131225586,38.547000885009766,39.246498107910156,39.246498107910156,119688000,AMZN,39.548332,39.38750076293945,0.14100265502929688,0.0
2016-11-10,38.94049835205078,38.94150161743164,35.8849983215332,37.11899948120117,37.11899948120117,254940000,AMZN,36.692024,36.95050048828125,0.0,0.16849899291992188
2016-11-14,37.2755012512207,37.29999923706055,35.505001068115234,35.95349884033203,35.95349884033203,146426000,AMZN,35.732285,37.1619987487793,0.0,-1.2084999084472656
2016-11-21,38.29999923706055,39.01750183105469,38.25550079345703,39.0,39.0,92292000,AMZN,38.586826,39.26649856567383,0.0,-0.2664985656738281
2016-11-22,39.40850067138672,39.619998931884766,39.04999923706055,39.26649856567383,39.26649856567383,106226000,AMZN,39.02795,39.00600051879883,0.0,0.260498046875
2016-11-23,39.08649826049805,39.087501525878906,38.65599822998047,39.00600051879883,39.00600051879883,70806000,AMZN,38.14416,39.01850128173828,0.0,-0.012500762939453125
2016-11-28,38.8494987487793,38.849998474121094,38.21200180053711,38.3385009765625,38.3385009765625,88776000,AMZN,37.432407,38.125999450683594,0.0,0.21250152587890625
2016-12-07,38.227500915527344,38.520999908447266,37.79100036621094,38.520999908447266,38.520999908447266,73698000,AMZN,38.13021,38.36650085449219,0.0,0.15449905395507812
2016-12-20,38.432498931884766,38.71950149536133,38.385501861572266,38.56100082397461,38.56100082397461,54072000,AMZN,38.583572,38.529998779296875,-0.031002044677734375,0.0
2016-12-29,38.619998931884766,38.66999816894531,38.04249954223633,38.25749969482422,38.25749969482422,63166000,AMZN,38.00766,37.493499755859375,0.0,0.7639999389648438
2017-01-04,37.919498443603516,37.98400115966797,37.709999084472656,37.85900115966797,37.85900115966797,50210000,AMZN,37.907146,39.022499084472656,1.1634979248046875,0.0
2017-01-12,40.015499114990234,40.70650100708008,39.974998474121094,40.68199920654297,40.68199920654297,97478000,AMZN,40.39836,40.856998443603516,0.0,-0.17499923706054688
2017-01-17,40.78499984741211,40.79999923706055,40.172000885009766,40.486000061035156,40.486000061035156,73410000,AMZN,40.029476,40.374000549316406,0.0,0.11199951171875
2017-01-25,41.28950119018555,41.87099838256836,41.26449966430664,41.82600021362305,41.82600021362305,78452000,AMZN,41.854,41.95750045776367,0.131500244140625,0.0
2017-02-16,42.09199905395508,42.25,41.96900177001953,42.207000732421875,42.207000732421875,54294000,AMZN,42.20397,42.253501892089844,0.0,-0.04650115966796875
2017-02-21,42.44200134277344,42.89899826049805,42.36249923706055,42.821998596191406,42.821998596191406,70154000,AMZN,42.734592,42.78049850463867,0.0,0.041500091552734375
2017-02-24,42.234500885009766,42.29050064086914,41.88750076293945,42.262001037597656,42.262001037597656,73760000,AMZN,41.89426,42.43199920654297,0.0,-0.1699981689453125
2017-03-09,42.54999923706055,42.81999969482422,42.515499114990234,42.650001525878906,42.650001525878906,40964000,AMZN,42.781025,42.62300109863281,-0.02700042724609375,0.0
2017-03-21,42.94200134277344,43.13999938964844,42.06549835205078,42.15999984741211,42.15999984741211,87658000,AMZN,42.27032,42.40299987792969,0.24300003051757812,0.0
2017-03-22,42.02149963378906,42.46849822998047,41.95249938964844,42.40299987792969,42.40299987792969,53174000,AMZN,42.165077,42.36899948120117,0.0,0.034000396728515625
2017-03-24,42.58399963378906,42.59000015258789,42.17649841308594,42.28049850463867,42.28049850463867,42766000,AMZN,42.367672,42.340999603271484,0.0605010986328125,0.0
2017-03-31,43.849998474121094,44.51750183105469,43.83250045776367,44.32699966430664,44.32699966430664,79152000,AMZN,44.13538,44.57550048828125,0.0,-0.24850082397460938
2017-04-20,44.98500061035156,45.26599884033203,44.81449890136719,45.10300064086914,45.10300064086914,56288000,AMZN,45.150005,44.92649841308594,-0.17650222778320312,0.0
2017-04-21,45.13349914550781,45.182498931884766,44.8385009765625,44.92649841308594,44.92649841308594,48410000,AMZN,45.14496,45.37049865722656,0.444000244140625,0.0
2017-04-24,45.433998107910156,45.4995002746582,45.191001892089844,45.37049865722656,45.37049865722656,62458000,AMZN,45.605377,45.38100051879883,0.010501861572265625,0.0
2017-05-09,47.63999938964844,47.894500732421875,47.5099983215332,47.64099884033203,47.64099884033203,65242000,AMZN,47.83567,47.4474983215332,-0.19350051879882812,0.0
2017-05-11,47.25550079345703,47.51449966430664,47.03900146484375,47.38100051879883,47.38100051879883,43882000,AMZN,47.33904,48.067501068115234,0.0,-0.6865005493164062
2017-05-12,47.724998474121094,48.13949966430664,47.576499938964844,48.067501068115234,48.067501068115234,72518000,AMZN,48.253494,47.89849853515625,-0.16900253295898438,0.0
2017-05-15,47.936500549316406,48.157501220703125,47.803001403808594,47.89849853515625,47.89849853515625,85412000,AMZN,48.074085,48.30350112915039,0.4050025939941406,0.0
2017-05-19,48.141998291015625,48.44599914550781,47.986000061035156,47.992000579833984,47.992000579833984,79442000,AMZN,48.37998,48.53350067138672,0.5415000915527344,0.0
2017-05-26,49.75,49.932498931884766,49.462501525878906,49.78900146484375,49.78900146484375,69384000,AMZN,49.89722,49.834999084472656,0.04599761962890625,0.0
2017-05-30,49.82550048828125,50.060001373291016,49.7760009765625,49.834999084472656,49.834999084472656,65262000,AMZN,49.908634,49.73099899291992,-0.10400009155273438,0.0
2017-06-07,50.29750061035156,50.51250076293945,50.099998474121094,50.503501892089844,50.503501892089844,56460000,AMZN,50.475876,50.513500213623054,0.0,-0.00999832153321023
2017-06-08,50.60300064086914,50.68050003051758,50.30550003051758,50.51350021362305,50.51350021362305,55358000,AMZN,50.707108,48.91550064086914,-1.5979995727539062,0.0
2017-06-13,48.89950180053711,49.224998474121094,48.30500030517578,49.03950119018555,49.03950119018555,91600000,AMZN,49.465775,48.82350158691406,-0.21599960327148438,0.0
2017-07-05,48.076499938964844,48.75,47.76250076293945,48.56999969482422,48.56999969482422,73060000,AMZN,48.55777,48.25699996948242,0.0,0.3129997253417969
2017-07-10,49.25,49.97200012207031,49.17499923706055,49.82350158691406,49.82350158691406,70926000,AMZN,49.92918,49.70650100708008,-0.11700057983398438,0.0
2017-07-24,51.41699981689453,52.1505012512207,51.371498107910156,51.9474983215332,51.9474983215332,65760000,AMZN,51.79236,51.993499755859375,0.0,-0.046001434326171875
2017-07-25,51.90250015258789,52.166500091552734,51.624000549316406,51.993499755859375,51.993499755859375,48952000,AMZN,51.83988,52.63999938964844,0.0,-0.6464996337890625
2017-07-26,52.15999984741211,52.65999984741211,52.15999984741211,52.63999938964844,52.63999938964844,58426000,AMZN,52.41881,52.299999237060554,0.0,0.3400001525878835
2017-08-03,49.9734992980957,49.974998474121094,49.22949981689453,49.34600067138672,49.34600067138672,65116000,AMZN,49.614704,49.37900161743164,0.033000946044921875,0.0
2017-08-04,49.48400115966797,49.583499908447266,49.099998474121094,49.37900161743164,49.37900161743164,54606000,AMZN,49.58885,49.61349868774414,0.2344970703125,0.0
2017-08-08,49.717498779296875,49.81399917602539,49.28950119018555,49.492000579833984,49.492000579833984,58056000,AMZN,49.89812,49.10049819946289,-0.39150238037109375,0.0
2017-08-18,48.06999969482422,48.27149963378906,47.73249816894531,47.923500061035156,47.923500061035156,65696000,AMZN,47.799404,47.66450119018555,0.0,0.2589988708496094
2017-09-06,48.41600036621094,48.59199905395508,48.029998779296875,48.38999938964844,48.38999938964844,42598000,AMZN,47.931114,48.9734992980957,0.0,-0.5834999084472656
2017-09-08,48.95500183105469,48.99399948120117,48.173500061035156,48.29499816894531,48.29499816894531,52106000,AMZN,47.945168,48.89799880981445,0.0,-0.6030006408691406
2017-09-11,48.722999572753906,49.09700012207031,48.71099853515625,48.89799880981445,48.89799880981445,43734000,AMZN,48.5509,49.12900161743164,0.0,-0.2310028076171875
2017-09-12,49.16350173950195,49.23350143432617,48.7760009765625,49.12900161743164,49.12900161743164,49622000,AMZN,48.798595,49.97999954223633,0.0,-0.8509979248046875
2017-09-13,49.19850158691406,50.0,48.97100067138672,49.97999954223633,49.97999954223633,67494000,AMZN,49.45789,49.61050033569336,0.0,0.36949920654296875
2017-09-20,48.589500427246094,48.740501403808594,48.108001708984375,48.660499572753906,48.660499572753906,57776000,AMZN,48.305946,48.23249816894531,0.0,0.42800140380859375
2017-09-27,47.400001525878906,47.76499938964844,47.165000915527344,47.54349899291992,47.54349899291992,62978000,AMZN,47.758614,47.81999969482422,0.2765007019042969,0.0
2017-10-02,48.20000076293945,48.365501403808594,47.60599899291992,47.95949935913086,47.95949935913086,48858000,AMZN,47.981934,47.85499954223633,-0.10449981689453125,0.0
2017-10-04,47.71049880981445,48.38949966430664,47.70249938964844,48.272499084472656,48.272499084472656,50548000,AMZN,48.100094,49.04249954223633,0.0,-0.7700004577636719
2017-10-10,49.833499908447266,49.897499084472656,49.005001068115234,49.36000061035156,49.36000061035156,61698000,AMZN,49.057854,49.75,0.0,-0.3899993896484375
2017-10-25,48.900001525878906,49.22200012207031,48.3120002746582,48.64550018310547,48.64550018310547,60662000,AMZN,48.89785,48.621498107910156,-0.0240020751953125,0.0
2017-10-26,49.01649856567383,49.14500045776367,48.4275016784668,48.621498107910156,48.621498107910156,112374000,AMZN,48.78624,55.04750061035156,6.426002502441406,0.0
2017-11-09,56.29800033569336,56.48099899291992,55.78850173950195,56.45650100708008,56.45650100708008,74654000,AMZN,56.23706,56.267501831054695,0.0,0.18899917602538352
2017-11-29,59.7400016784668,59.7400016784668,57.259498596191406,58.063499450683594,58.063499450683594,185150000,AMZN,58.126343,58.83750152587891,0.7740020751953196,0.0
2017-11-30,58.35499954223633,58.92850112915039,58.0,58.837501525878906,58.837501525878906,90184000,AMZN,58.917404,58.11750030517579,-0.7200012207031179,0.0
2017-12-12,58.32550048828125,58.68000030517578,58.080501556396484,58.25400161743164,58.25400161743164,44718000,AMZN,58.866325,58.20650100708008,-0.0475006103515625,0.0
2017-12-13,58.5,58.54349899291992,58.01350021362305,58.20650100708008,58.20650100708008,52336000,AMZN,58.664146,58.713001251220696,0.5065002441406179,0.0
2017-12-18,59.368499755859375,59.73899841308594,59.045501708984375,59.52899932861328,59.52899932861328,58952000,AMZN,59.714577,59.36899948120117,-0.15999984741210938,0.0
2017-12-21,58.79499816894531,58.958499908447266,58.38199996948242,58.737998962402344,58.737998962402344,42462000,AMZN,58.754383,58.417999267578125,-0.31999969482421875,0.0
2017-12-26,58.417999267578125,58.91600036621094,58.02750015258789,58.8380012512207,58.8380012512207,40104000,AMZN,58.785,59.11299896240235,0.0,-0.27499771118164773
2018-01-03,59.415000915527344,60.27450180053711,59.415000915527344,60.209999084472656,60.209999084472656,62176000,AMZN,60.29996,60.47949981689453,0.269500732421875,0.0
2018-01-04,60.25,60.79349899291992,60.233001708984375,60.47949981689453,60.47949981689453,60442000,AMZN,60.647346,61.457000732421875,0.9775009155273438,0.0
2018-01-09,62.845001220703125,62.96649932861328,62.0880012512207,62.6349983215332,62.6349983215332,73226000,AMZN,62.548122,62.71649932861328,0.0,-0.08150100708007812
2018-01-18,64.69750213623047,65.2300033569336,64.20099639892578,64.66600036621094,64.66600036621094,80538000,AMZN,64.39345,64.72899627685547,0.0,-0.06299591064453125
2018-01-19,65.5999984741211,65.6500015258789,64.64949798583984,64.72899627685547,64.72899627685547,91570000,AMZN,64.924545,66.3655014038086,1.636505126953125,0.0
2018-01-22,64.8584976196289,66.37249755859375,64.83300018310547,66.3655014038086,66.3655014038086,82802000,AMZN,65.87006,68.12699890136719,0.0,-1.7614974975585938
2018-02-01,72.25,72.99400329589844,69.25700378417969,69.5,69.5,182276000,AMZN,69.89177,71.49749755859375,1.99749755859375,0.0
2018-02-20,72.32450103759766,74.4384994506836,72.32450103759766,73.4175033569336,73.4175033569336,129984000,AMZN,73.72033,74.14600372314453,0.7285003662109375,0.0
2018-02-28,75.97550201416016,76.43499755859375,75.5999984741211,75.62249755859375,75.62249755859375,90300000,AMZN,75.83797,74.67250061035156,-0.9499969482421875,0.0
2018-03-07,76.32599639892578,77.29499816894531,76.12550354003906,77.25,77.25,83482000,AMZN,77.08729,77.59300231933594,0.0,-0.3430023193359375
2018-03-28,72.3499984741211,72.79499816894531,69.30850219726562,71.57099914550781,71.57099914550781,274106000,AMZN,70.988075,72.36699676513672,0.0,-0.7959976196289062
2018-04-04,67.91200256347656,70.76950073242188,67.64399719238281,70.52850341796875,70.52850341796875,139646000,AMZN,70.40662,72.5875015258789,0.0,-2.0589981079101562
2018-04-13,72.45700073242188,72.98899841308594,71.22599792480469,71.53949737548828,71.53949737548828,73706000,AMZN,71.658646,72.07499694824219,0.5354995727539062,0.0
2018-04-19,77.16100311279297,78.4260025024414,76.9530029296875,77.84549713134766,77.84549713134766,130474000,AMZN,77.23827,76.37449645996094,0.0,1.4710006713867188
2018-04-23,77.33450317382812,77.4000015258789,75.17050170898438,75.89299774169922,75.89299774169922,89308000,AMZN,75.389275,73.00450134277344,0.0,2.8884963989257812
2018-04-27,81.70050048828125,81.90499877929688,78.36949920654297,78.63099670410156,78.63099670410156,261064000,AMZN,79.224915,78.30650329589844,-0.324493408203125,0.0
2018-05-02,79.04900360107422,79.42500305175781,78.31800079345703,78.48400115966797,78.48400115966797,87206000,AMZN,78.60537,78.60399627685547,0.1199951171875,0.0
2018-05-07,79.46700286865234,80.34750366210938,79.3915023803711,80.00700378417969,80.00700378417969,76038000,AMZN,79.712715,79.61949920654297,0.0,0.38750457763671875
2018-05-15,79.38999938964844,79.38999938964844,78.26100158691406,78.80599975585938,78.80599975585938,101550000,AMZN,78.72339,79.36399841308594,0.0,-0.5579986572265625
2018-05-17,79.02799987792969,79.7020034790039,78.6500015258789,79.08799743652344,79.08799743652344,42952000,AMZN,79.29465,78.71849822998047,-0.36949920654296875,0.0
2018-06-05,83.64949798583984,84.94999694824219,83.50299835205078,84.81749725341797,84.81749725341797,95644000,AMZN,84.59065,84.7874984741211,0.0,0.029998779296875
2018-06-11,84.07550048828125,84.71199798583984,84.02950286865234,84.45600128173828,84.45600128173828,46710000,AMZN,84.43922,84.9375,0.0,-0.48149871826171875
2018-06-15,85.69999694824219,86.04350280761719,85.4260025024414,85.79850006103516,85.79850006103516,95552000,AMZN,85.729614,86.18949890136719,0.0,-0.39099884033203125
2018-06-25,85.12550354003906,85.25,82.31549835205078,83.15750122070312,83.15750122070312,150224000,AMZN,83.387405,84.55449676513672,1.3969955444335938,0.0
2018-06-26,83.61849975585938,85.07849884033203,83.16699981689453,84.55449676513672,84.55449676513672,87732000,AMZN,84.528984,83.02549743652344,0.0,1.5289993286132812
2018-06-29,85.8499984741211,86.17050170898438,84.71600341796875,84.98999786376953,84.98999786376953,90870000,AMZN,85.76856,85.68900299072266,0.699005126953125,0.0
2018-07-10,86.92649841308594,87.5,86.55000305175781,87.15350341796875,87.15350341796875,60058000,AMZN,87.32339,87.75,0.59649658203125,0.0
2018-07-12,88.22550201416016,89.9000015258789,88.10900115966797,89.83100128173828,89.83100128173828,90654000,AMZN,89.50465,90.65149688720703,0.0,-0.82049560546875
2018-07-23,90.6104965209961,90.94999694824219,88.49949645996094,90.0999984741211,90.0999984741211,77770000,AMZN,89.674774,91.46199798583984,0.0,-1.36199951171875
2018-07-27,93.80249786376953,94.00250244140625,90.32649993896484,90.8635025024414,90.8635025024414,193620000,AMZN,91.56723,88.96099853515625,-1.9025039672851562,0.0
2018-08-03,91.88700103759766,92.05000305175781,91.07499694824219,91.16449737548828,91.16449737548828,69210000,AMZN,91.74093,92.38749694824219,1.2229995727539062,0.0
2018-08-08,93.05000305175781,94.57550048828125,92.7249984741211,94.32599639892578,94.32599639892578,79260000,AMZN,94.137054,94.9260025024414,0.0,-0.600006103515625
2018-08-09,94.0999984741211,95.72850036621094,93.8740005493164,94.9260025024414,94.9260025024414,97208000,AMZN,94.92993,94.31500244140625,-0.6110000610351562,0.0
2018-08-15,95.47750091552734,95.81050109863281,93.489501953125,94.13099670410156,94.13099670410156,154014000,AMZN,94.01391,94.32599639892578,0.0,-0.19499969482421875
2018-08-17,94.29000091552734,94.4000015258789,92.77749633789062,94.11100006103516,94.11100006103516,82086000,AMZN,93.638855,93.83550262451172,0.0,0.2754974365234375
2018-08-22,93.83200073242188,95.29000091552734,93.83200073242188,95.24500274658203,95.24500274658203,61610000,AMZN,94.9937,95.1449966430664,0.0,0.100006103515625
2018-08-23,95.3584976196289,95.9749984741211,95.03800201416016,95.1449966430664,95.1449966430664,71260000,AMZN,95.54576,95.26950073242188,0.12450408935546875,0.0
2018-09-10,98.55000305175781,98.6520004272461,96.57599639892578,96.95050048828125,96.95050048828125,90896000,AMZN,97.11885,99.35749816894531,2.4069976806640625,0.0
2018-09-24,95.18949890136719,96.84400177001953,93.25,96.71800231933594,96.71800231933594,84274000,AMZN,95.95927,98.72750091552734,0.0,-2.0094985961914062
2018-09-27,99.66200256347656,100.80799865722656,99.42900085449219,100.64900207519531,100.64900207519531,86588000,AMZN,100.5819,100.1500015258789,0.0,0.49900054931640625
2018-10-05,95.89949798583984,96.4540023803711,93.1415023803711,94.48249816894531,94.48249816894531,136446000,AMZN,94.40112,93.22100067138672,0.0,1.2614974975585938
2018-10-12,90.4000015258789,90.44750213623047,87.12650299072266,89.43049621582031,89.43049621582031,188892000,AMZN,89.669754,88.04750061035156,-1.38299560546875,0.0
2018-10-25,85.16699981689453,89.7405014038086,84.60050201416016,89.1084976196289,89.1084976196289,205714000,AMZN,87.55647,82.1405029296875,0.0,6.967994689941406
2018-10-31,78.49949645996094,81.19550323486328,78.25450134277344,79.90049743652344,79.90049743652344,187804000,AMZN,80.40393,83.27649688720703,3.3759994506835938,0.0
2018-11-08,87.75,89.19999694824219,86.25550079345703,87.74549865722656,87.74549865722656,130698000,AMZN,87.26243,85.62149810791016,0.0,2.1240005493164062
2018-11-14,82.81600189208984,83.6500015258789,79.85350036621094,79.95050048828125,79.95050048828125,129738000,AMZN,80.18396,80.97200012207031,1.0214996337890625,0.0
2018-11-23,75.8499984741211,76.80999755859375,75.09049987792969,75.10299682617188,75.10299682617188,54152000,AMZN,75.51104,79.06649780273438,3.9635009765625,0.0
2018-11-28,80.69599914550781,84.07250213623047,80.06099700927734,83.88749694824219,83.88749694824219,169174000,AMZN,82.77542,83.67849731445312,0.0,0.2089996337890625
2018-11-29,83.74949645996094,84.49949645996094,82.61650085449219,83.67849731445312,83.67849731445312,132264000,AMZN,83.42016,84.50849914550781,0.0,-0.8300018310546875
2018-12-03,88.4729995727539,88.91699981689453,86.5,88.61799621582031,88.61799621582031,137246000,AMZN,87.76286,83.41999816894531,0.0,5.197998046875
2018-12-14,81.9000015258789,82.12850189208984,79.25,79.59549713134766,79.59549713134766,127344000,AMZN,79.78827,76.04550170898438,-3.5499954223632812,0.0
2018-12-20,74.19999694824219,75.4749984741211,71.6344985961914,73.04149627685547,73.04149627685547,199836000,AMZN,73.0273,68.87249755859375,0.0,4.168998718261719
2018-12-24,67.30000305175781,69.80149841308594,65.3499984741211,67.197998046875,67.197998046875,144400000,AMZN,67.544525,73.54499816894531,6.3470001220703125,0.0
2018-12-26,68.44450378417969,73.65799713134766,68.15049743652344,73.54499816894531,73.54499816894531,208236000,AMZN,72.9791,73.08200073242188,0.0,0.4629974365234375
2019-01-10,82.05049896240234,83.1624984741211,81.08100128173828,82.81099700927734,82.81099700927734,130154000,AMZN,81.19853,82.02799987792969,0.0,0.7829971313476562
2019-01-24,82.05349731445312,82.86299896240234,81.58899688720703,82.74649810791016,82.74649810791016,81798000,AMZN,82.290146,83.52850341796875,0.0,-0.7820053100585938
2019-02-01,81.94400024414062,83.65299987792969,81.10050201416016,81.3115005493164,81.3115005493164,230124000,AMZN,81.37727,81.66549682617188,0.35399627685546875,0.0
2019-02-05,82.16699981689453,83.26300048828125,82.125,82.94049835205078,82.94049835205078,89062000,AMZN,83.054535,82.01300048828125,-0.9274978637695312,0.0
2019-02-14,81.2249984741211,81.8949966430664,80.3030014038086,81.13249969482422,81.13249969482422,82410000,AMZN,81.29967,80.39749908447266,-0.7350006103515625,0.0
2019-02-15,81.39299774169922,81.44550323486328,80.2249984741211,80.39749908447266,80.39749908447266,86878000,AMZN,81.03205,81.37899780273438,0.9814987182617188,0.0
2019-02-21,80.99250030517578,81.1780014038086,80.04550170898438,80.97200012207031,80.97200012207031,69668000,AMZN,80.85076,81.5780029296875,0.0,-0.6060028076171875
2019-02-25,82.07250213623047,82.7300033569336,81.51950073242188,81.6500015258789,81.6500015258789,63690000,AMZN,82.09735,81.81999969482422,0.1699981689453125,0.0
2019-03-12,83.44999694824219,84.2135009765625,83.04900360107422,83.65499877929688,83.65499877929688,72290000,AMZN,83.584656,84.54049682617188,0.0,-0.885498046875
2019-03-25,87.8895034790039,89.13400268554688,87.375,88.71299743652344,88.71299743652344,102076000,AMZN,88.07102,89.18800354003906,0.0,-0.475006103515625
2019-03-27,89.20649719238281,89.375,87.28399658203125,88.28500366210938,88.28500366210938,86496000,AMZN,87.957214,88.6709976196289,0.0,-0.38599395751953125
2019-04-02,90.5510025024414,91.0,90.25599670410156,90.6989974975586,90.6989974975586,68962000,AMZN,90.85406,91.03500366210938,0.33600616455078125,0.0
2019-04-04,91.03250122070312,91.4375,90.20999908447266,90.94300079345703,90.94300079345703,72478000,AMZN,91.077774,91.86399841308594,0.9209976196289062,0.0
2019-04-05,91.44999694824219,91.92900085449219,91.2594985961914,91.86399841308594,91.86399841308594,72810000,AMZN,91.91378,92.49299621582031,0.628997802734375,0.0
2019-04-10,92.05000305175781,92.4000015258789,91.44049835205078,92.36650085449219,92.36650085449219,59280000,AMZN,92.27584,92.20349884033203,0.0,0.16300201416015625
2019-04-16,92.56749725341797,93.4885025024414,92.4000015258789,93.1520004272461,93.1520004272461,60892000,AMZN,93.30249,93.24099731445312,0.08899688720703125,0.0
2019-05-03,97.44999694824219,98.22000122070312,96.80000305175781,98.12300109863281,98.12300109863281,127632000,AMZN,97.862206,97.52749633789062,0.0,0.5955047607421875
2019-05-08,95.94349670410156,96.76850128173828,95.5,95.88849639892578,95.88849639892578,81572000,AMZN,96.18766,94.99349975585938,-0.8949966430664062,0.0
2019-05-16,94.2969970703125,95.87550354003906,94.114501953125,95.37850189208984,95.37850189208984,94156000,AMZN,95.501396,93.44999694824219,-1.9285049438476562,0.0
2019-06-03,88.00050354003906,88.31449890136719,83.5999984741211,84.6344985961914,84.6344985961914,181974000,AMZN,85.2829,86.47799682617188,1.8434982299804688,0.0
2019-06-13,93.33599853515625,94.15450286865234,93.11100006103516,93.51499938964844,93.51499938964844,55916000,AMZN,93.64689,93.4834976196289,-0.03150177001953125,0.0
2019-06-17,93.82499694824219,94.78450012207031,93.77249908447266,94.30149841308594,94.30149841308594,52686000,AMZN,93.940704,95.06849670410156,0.0,-0.766998291015625
2019-06-24,95.63300323486328,95.84300231933594,95.06500244140625,95.69499969482422,95.69499969482422,45660000,AMZN,95.412895,93.91349792480469,0.0,1.7815017700195312
2019-06-28,95.45500183105469,95.64700317382812,94.19999694824219,94.68150329589844,94.68150329589844,60748000,AMZN,94.72186,96.1094970703125,1.4279937744140625,0.0
2019-07-01,96.14900207519531,96.49099731445312,95.73300170898438,96.1094970703125,96.1094970703125,63842000,AMZN,96.27095,96.71549987792969,0.6060028076171875,0.0
2019-07-10,99.82550048828125,101.24700164794922,99.7699966430664,100.87049865722656,100.87049865722656,98638000,AMZN,100.65729,100.05349731445312,0.0,0.8170013427734375
2019-07-17,100.35250091552734,100.5999984741211,99.60150146484375,99.60150146484375,99.60150146484375,51176000,AMZN,99.95644,98.8949966430664,-0.7065048217773438,0.0
2019-07-22,98.55699920654297,99.44999694824219,97.91300201416016,99.28150177001953,99.28150177001953,58000000,AMZN,99.01359,99.72450256347656,0.0,-0.44300079345703125
2019-08-07,88.69950103759766,89.94650268554688,87.8499984741211,89.66999816894531,89.66999816894531,90538000,AMZN,89.608376,91.64450073242188,0.0,-1.9745025634765625
2019-08-09,91.44750213623047,91.55449676513672,90.11100006103516,90.37899780273438,90.37899780273438,57596000,AMZN,91.244514,89.24600219726562,-1.13299560546875,0.0
2019-08-22,91.4000015258789,91.47049713134766,90.00499725341797,90.23300170898438,90.23300170898438,53070000,AMZN,90.54472,87.48100280761719,-2.7519989013671875,0.0
2019-09-03,88.5,90.04000091552734,88.4000015258789,89.49199676513672,89.49199676513672,70860000,AMZN,89.28782,90.03099822998047,0.0,-0.53900146484375
2019-09-06,91.91100311279297,92.03250122070312,91.31999969482422,91.67549896240234,91.67549896240234,49938000,AMZN,91.68369,91.56749725341797,-0.108001708984375,0.0
2019-09-09,92.05000305175781,92.5,91.23049926757812,91.56749725341797,91.56749725341797,59990000,AMZN,91.58449,91.02749633789062,-0.5400009155273438,0.0
2019-09-11,90.60700225830078,91.6709976196289,90.4540023803711,91.14949798583984,91.14949798583984,48656000,AMZN,90.88588,92.17749786376953,0.0,-1.0279998779296875
2019-09-23,88.8499984741211,89.63500213623047,88.36599731445312,89.26499938964844,89.26499938964844,58446000,AMZN,89.19519,87.08049774169922,0.0,2.1845016479492188
2019-10-01,87.30000305175781,87.77999877929688,86.42050170898438,86.78250122070312,86.78250122070312,61690000,AMZN,87.39223,85.6614990234375,-1.121002197265625,0.0
2019-10-15,87.10700225830078,88.82250213623047,87.03099822998047,88.36900329589844,88.36900329589844,62234000,AMZN,88.16404,88.87149810791016,0.0,-0.5024948120117188
2019-11-07,90.18800354003906,90.29499816894531,89.17400360107422,89.41000366210938,89.41000366210938,53022000,AMZN,89.66637,89.29399871826172,-0.11600494384765625,0.0
2019-11-12,88.73300170898438,89.31099700927734,88.59549713134766,88.9000015258789,88.9000015258789,40752000,AMZN,89.03673,87.65550231933594,-1.2444992065429688,0.0
2019-11-25,87.6624984741211,88.87100219726562,87.66200256347656,88.69200134277344,88.69200134277344,69724000,AMZN,88.7459,89.84700012207031,1.154998779296875,0.0
2019-11-29,90.88899993896484,91.2344970703125,90.03949737548828,90.04000091552734,90.04000091552734,38468000,AMZN,90.595894,89.08000183105469,-0.9599990844726562,0.0
2019-12-11,87.08350372314453,87.5,86.7854995727539,87.43599700927734,87.43599700927734,41952000,AMZN,87.581314,88.0165023803711,0.58050537109375,0.0
2019-12-17,88.90049743652344,89.5999984741211,88.86949920654297,89.53299713134766,89.53299713134766,72888000,AMZN,89.56231,89.20149993896484,-0.3314971923828125,0.0
2019-12-31,92.0999984741211,92.66300201416016,91.61150360107422,92.39199829101562,92.39199829101562,50130000,AMZN,92.26373,94.90049743652344,0.0,-2.5084991455078125
2020-01-09,95.49449920654297,95.89099884033203,94.79000091552734,95.05249786376953,95.05249786376953,63346000,AMZN,95.25772,94.15799713134766,-0.894500732421875,0.0
2020-01-16,94.14949798583984,94.27950286865234,93.3010025024414,93.89700317382812,93.89700317382812,53190000,AMZN,94.08414,93.23600006103516,-0.6610031127929688,0.0
2020-01-23,94.25550079345703,94.4990005493164,93.63800048828125,94.22899627685547,94.22899627685547,49692000,AMZN,94.429756,93.08200073242188,-1.1469955444335938,0.0
2020-01-27,91.0,92.05000305175781,90.76699829101562,91.41699981689453,91.41699981689453,70570000,AMZN,91.58131,92.6624984741211,1.2454986572265625,0.0
2020-01-31,102.57350158691406,102.78600311279297,100.1135025024414,100.43599700927734,100.43599700927734,311346000,AMZN,101.086,100.20999908447266,-0.2259979248046875,0.0
2020-02-04,101.49400329589844,102.98999786376953,100.76850128173828,102.4834976196289,102.4834976196289,105786000,AMZN,102.19431,101.99349975585938,0.0,0.48999786376953125
2020-02-07,102.09950256347656,104.92649841308594,101.90499877929688,103.96399688720703,103.96399688720703,101906000,AMZN,103.34862,106.69550323486328,0.0,-2.73150634765625
2020-02-14,107.78399658203125,107.9520034790039,106.29450225830078,106.74349975585938,106.74349975585938,52124000,AMZN,107.06657,107.78350067138672,1.0400009155273438,0.0
2020-02-20,108.65350341796875,108.8395004272461,106.37249755859375,107.65499877929688,107.65499877929688,62626000,AMZN,107.547195,104.79850006103514,0.0,2.856498718261733
2020-02-24,100.15899658203125,101.96499633789062,99.39849853515625,100.4645004272461,100.4645004272461,130940000,AMZN,100.56413,98.63700103759766,-1.8274993896484375,0.0
2020-03-04,97.32849884033203,98.9000015258789,96.0999984741211,98.79149627685547,98.79149627685547,95458000,AMZN,98.93647,96.20149993896484,-2.589996337890625,0.0
2020-03-17,88.77349853515625,92.88899993896484,84.46199798583984,90.39199829101562,90.39199829101562,218342000,AMZN,89.65147,91.5,0.0,-1.108001708984375
2020-03-19,93.0,97.25,91.63249969482422,94.04650115966797,94.04650115966797,207998000,AMZN,94.31476,92.30449676513672,-1.74200439453125,0.0
2020-03-20,96.31549835205078,97.8499984741211,91.0364990234375,92.30449676513672,92.30449676513672,196358000,AMZN,93.40714,95.1415023803711,2.837005615234375,0.0
2020-03-25,96.03450012207031,97.51300048828125,94.28900146484375,94.29199981689453,94.29199981689453,129582000,AMZN,94.32552,97.77449798583984,3.4824981689453125,0.0
2020-04-09,102.21499633789062,102.6500015258789,100.88300323486328,102.13800048828125,102.13800048828125,92930000,AMZN,101.76985,108.44349670410155,0.0,-6.305496215820298
2020-04-13,102.0,109.0,101.9000015258789,108.44349670410156,108.44349670410156,134334000,AMZN,106.09489,114.16600036621094,0.0,-5.722503662109375
2020-04-20,119.49749755859375,122.2490005493164,119.30249786376953,119.68049621582031,119.68049621582031,115414000,AMZN,119.893364,116.40599822998047,-3.2744979858398438,0.0
2020-04-29,116.50050354003906,119.59449768066406,115.5,118.635498046875,118.635498046875,91832000,AMZN,117.91754,123.6999969482422,0.0,-5.064498901367202
2020-05-01,116.83999633789062,118.12200164794922,112.90950012207031,114.302001953125,114.302001953125,195452000,AMZN,114.78984,115.79949951171874,1.4974975585937358,0.0
2020-05-06,116.47200012207031,117.87249755859375,116.0,117.56300354003906,117.56300354003906,62356000,AMZN,117.084785,118.38050079345703,0.0,-0.8174972534179688
2020-05-12,120.59249877929688,120.94999694824219,117.75,117.84750366210938,117.84750366210938,61498000,AMZN,119.20755,118.39600372314455,0.5485000610351705,0.0
2020-05-14,118.05049896240234,119.56849670410156,117.6604995727539,119.44249725341797,119.44249725341797,72962000,AMZN,119.304695,120.48899841308594,0.0,-1.0465011596679688
2020-05-18,120.21749877929688,121.6500015258789,119.20050048828125,121.31300354003906,121.31300354003906,87144000,AMZN,120.787025,122.46649932861328,0.0,-1.1534957885742188
2020-05-21,125.0,126.27249908447266,122.12699890136719,122.33699798583984,122.33699798583984,102288000,AMZN,123.63055,121.84400177001952,-0.4929962158203267,0.0
2020-05-28,119.21649932861328,121.84850311279297,118.9114990234375,120.05500030517578,120.05500030517578,63804000,AMZN,120.10774,122.11849975585936,2.0634994506835795,0.0
2020-06-05,122.22550201416016,124.43250274658203,121.85649871826172,124.1500015258789,124.1500015258789,66128000,AMZN,123.80435,126.2030029296875,0.0,-2.0530014038085938
2020-06-08,125.01000213623047,126.5,124.36699676513672,126.2030029296875,126.2030029296875,79414000,AMZN,125.79408,130.04299926757812,0.0,-3.839996337890625
2020-06-16,131.0,131.0,128.8000030517578,130.7635040283203,130.7635040283203,71712000,AMZN,130.03584,132.0489959716797,0.0,-1.285491943359375
2020-06-24,139.0,139.8000030517578,136.0500030517578,136.72000122070312,136.72000122070312,90532000,AMZN,137.86113,137.72900390625,1.009002685546875,0.0
2020-07-14,154.4499969482422,156.36900329589844,147.5,154.1999969482422,154.1999969482422,144638000,AMZN,154.78284,150.44349670410156,-3.756500244140625,0.0
2020-07-23,154.9134979248047,154.9134979248047,148.5,149.32749938964844,149.32749938964844,113138000,AMZN,152.11661,150.44549560546875,1.1179962158203125,0.0
2020-07-31,162.1999969482422,162.34100341796875,157.5500030517578,158.23399353027344,158.23399353027344,161710000,AMZN,158.7754,155.59449768066406,-2.639495849609375,0.0
2020-08-06,159.71800231933594,162.37350463867188,158.27149963378906,161.25,161.25,78812000,AMZN,160.60406,158.3730010986328,0.0,2.8769989013671875
2020-08-13,159.14950561523438,160.87600708007812,157.75,158.05099487304688,158.05099487304688,62980000,AMZN,158.6687,157.4010009765625,-0.649993896484375,0.0
2020-08-17,158.656005859375,159.74850463867188,157.70899963378906,159.12049865722656,159.12049865722656,53824000,AMZN,159.75073,165.62449645996094,6.503997802734375,0.0
2020-09-02,177.35000610351562,177.6125030517578,174.33450317382812,176.57249450683594,176.57249450683594,78630000,AMZN,176.1856,168.39999389648438,0.0,8.172500610351562
2020-09-03,174.25,174.42050170898438,165.14999389648438,168.39999389648438,168.39999389648438,163222000,AMZN,169.99243,164.7310028076172,-3.6689910888671875,0.0
2020-09-10,165.36099243164062,167.4945068359375,158.52749633789062,158.7554931640625,158.7554931640625,106614000,AMZN,160.38045,155.81100463867188,-2.944488525390625,0.0
2020-09-17,150.46249389648438,151.47149658203125,148.62750244140625,150.43649291992188,150.43649291992188,128982000,AMZN,151.3471,147.74549865722656,-2.6909942626953125,0.0
2020-09-21,145.3249969482422,148.10000610351562,143.5500030517578,148.02349853515625,148.02349853515625,122358000,AMZN,146.86598,156.44949340820312,0.0,-8.425994873046875
2020-09-24,148.88949584960938,153.46499633789062,148.25,150.989501953125,150.989501953125,110588000,AMZN,151.7322,154.75650024414062,3.766998291015625,0.0
2020-09-25,152.7429962158203,155.07699584960938,149.9499969482422,154.75650024414062,154.75650024414062,92304000,AMZN,154.37035,158.70249938964844,0.0,-3.9459991455078125
2020-10-15,164.60049438476562,167.79400634765625,164.0,166.9324951171875,166.9324951171875,104468000,AMZN,168.43501,163.635498046875,-3.2969970703125,0.0
2020-10-20,161.11399841308594,163.3000030517578,159.60049438476562,160.85049438476562,160.85049438476562,90194000,AMZN,161.9162,159.2469940185547,-1.6035003662109375,0.0
2020-10-30,157.8874969482422,158.35000610351562,150.9499969482422,151.8074951171875,151.8074951171875,167728000,AMZN,154.42882,150.2239990234375,-1.58349609375,0.0
2020-11-03,150.92649841308594,153.7449951171875,149.0489959716797,152.42050170898438,152.42050170898438,97958000,AMZN,152.04425,162.05799865722656,0.0,-9.637496948242188
2020-11-24,155.02499389648438,156.71249389648438,154.31300354003906,155.9029998779297,155.9029998779297,72042000,AMZN,156.39793,159.2534942626953,3.350494384765625,0.0
2020-11-30,160.4239959716797,161.41949462890625,156.27749633789062,158.40199279785156,158.40199279785156,81278000,AMZN,159.45923,161.00399780273438,2.6020050048828125,0.0
2020-12-14,157.14999389648438,159.52349853515625,156.3000030517578,157.84849548339844,157.84849548339844,83116000,AMZN,157.85786,158.25599670410156,0.407501220703125,0.0
2020-12-15,159.05050659179688,159.4250030517578,156.52450561523438,158.25599670410156,158.25599670410156,66390000,AMZN,158.56668,162.04800415039062,3.7920074462890625,0.0
2020-12-16,158.80050659179688,162.35000610351562,158.1840057373047,162.04800415039062,162.04800415039062,88552000,AMZN,161.20811,161.8040008544922,0.0,0.2440032958984375
2021-01-04,163.5,163.60000610351562,157.2010040283203,159.3314971923828,159.3314971923828,88228000,AMZN,161.44034,160.92550659179688,1.5940093994140625,0.0
2021-01-05,158.30050659179688,161.16900634765625,158.2530059814453,160.92550659179688,160.92550659179688,53110000,AMZN,161.50508,156.91900634765625,-4.006500244140625,0.0
2021-01-12,156.0,157.10699462890625,154.3000030517578,156.04150390625,156.04150390625,70292000,AMZN,156.71577,158.29449462890625,2.25299072265625,0.0
2021-01-25,166.4250030517578,168.1945037841797,162.15750122070312,164.6999969482422,164.6999969482422,74996000,AMZN,166.23183,166.30650329589844,1.60650634765625,0.0
2021-02-03,171.25050354003906,171.6999969482422,165.43099975585938,165.62649536132812,165.62649536132812,141776000,AMZN,167.3364,166.5500030517578,0.9235076904296875,0.0
2021-02-05,165.9499969482422,168.85000610351562,165.135498046875,167.6074981689453,167.6074981689453,72416000,AMZN,167.71666,166.14700317382812,-1.4604949951171875,0.0
2021-02-11,164.60000610351562,164.60000610351562,162.4029998779297,163.10650634765625,163.10650634765625,46028000,AMZN,164.50685,163.885498046875,0.77899169921875,0.0
2021-02-23,156.35150146484375,160.2364959716797,154.67999267578125,159.72500610351562,159.72500610351562,93544000,AMZN,159.32552,157.97650146484375,0.0,1.748504638671875
2021-03-03,154.0590057373047,155.38900756835938,149.75,150.25,150.25,79774000,AMZN,152.93608,148.8784942626953,-1.3715057373046875,0.0
2021-03-04,150.60000610351562,152.906494140625,147.27149963378906,148.8784942626953,148.8784942626953,109632000,AMZN,150.85812,150.0229949951172,1.144500732421875,0.0
2021-03-11,155.20050048828125,156.58900451660156,154.14649963378906,155.67950439453125,155.67950439453125,55528000,AMZN,156.49843,154.47450256347656,-1.2050018310546875,0.0
2021-03-19,151.4615020751953,153.864501953125,150.8314971923828,153.7480010986328,153.7480010986328,92508000,AMZN,154.10738,155.5435028076172,1.795501708984375,0.0
2021-03-23,156.35000610351562,159.10000610351562,156.04249572753906,156.875,156.875,76346000,AMZN,157.13712,154.35350036621094,-2.5214996337890625,0.0
2021-04-01,155.89700317382812,158.1219940185547,155.77749633789062,158.0500030517578,158.0500030517578,58806000,AMZN,157.83694,161.3365020751953,0.0,-3.2864990234375
2021-04-23,165.9550018310547,168.75,165.4250030517578,167.04400634765625,167.04400634765625,63856000,AMZN,167.71217,170.4499969482422,3.4059906005859375,0.0
2021-05-03,174.2364959716797,174.33250427246094,168.63499450683594,169.32449340820312,169.32449340820312,117510000,AMZN,171.22069,165.593505859375,-3.730987548828125,0.0
2021-05-05,166.9429931640625,167.73500061035156,163.21800231933594,163.52699279785156,163.52699279785156,74226000,AMZN,166.06625,165.31849670410156,1.79150390625,0.0
2021-05-10,164.11599731445312,164.14999389648438,159.5,159.52450561523438,159.52450561523438,116772000,AMZN,161.25145,161.19549560546875,1.670989990234375,0.0
2021-05-12,159.25,160.39700317382812,156.65499877929688,157.5970001220703,157.5970001220703,98728000,AMZN,158.20488,158.07350158691406,0.47650146484375,0.0
2021-05-13,159.27349853515625,160.19200134277344,156.64999389648438,158.07350158691406,158.07350158691406,67018000,AMZN,158.58781,161.14500427246094,3.071502685546875,0.0
2021-05-17,162.29649353027344,164.6374969482422,161.72950744628906,163.51950073242188,163.51950073242188,74478000,AMZN,163.23932,161.61399841308594,0.0,1.9055023193359375
2021-05-25,163.33349609375,163.99099731445312,160.68800354003906,162.95249938964844,162.95249938964844,65222000,AMZN,163.24646,163.25799560546875,0.3054962158203125,0.0
2021-05-26,163.72950744628906,164.7864990234375,162.92550659179688,163.25799560546875,163.25799560546875,47680000,AMZN,164.57298,161.5054931640625,-1.75250244140625,0.0
2021-06-01,162.1750030517578,162.5489959716797,160.4530029296875,160.9324951171875,160.9324951171875,48600000,AMZN,162.53908,161.69949340820312,0.766998291015625,0.0
2021-06-07,159.8665008544922,160.39999389648438,158.61000061035156,159.90049743652344,159.90049743652344,44316000,AMZN,160.6548,163.20550537109375,3.3050079345703125,0.0
2021-06-14,167.3415069580078,169.25,166.77499389648438,169.19349670410156,169.19349670410156,51394000,AMZN,169.30922,169.156494140625,-0.0370025634765625,0.0
2021-06-22,172.9029998779297,176.18899536132812,172.80450439453125,175.27200317382812,175.27200317382812,66902000,AMZN,175.46442,175.1909942626953,-0.0810089111328125,0.0
2021-06-30,172.05299377441406,173.5800018310547,171.75,172.00799560546875,172.00799560546875,48080000,AMZN,172.87427,171.64849853515625,-0.3594970703125,0.0
2021-07-02,172.58200073242188,175.58599853515625,171.8459930419922,175.5489959716797,175.5489959716797,63388000,AMZN,174.69797,183.78700256347656,0.0,-8.238006591796875
2021-07-07,185.86900329589844,186.7100067138672,183.94549560546875,184.82899475097656,184.82899475097656,106562000,AMZN,183.5051,186.57049560546875,0.0,-1.7415008544921875
2021-07-09,186.12600708007812,187.39999389648438,184.6699981689453,185.9669952392578,185.9669952392578,74964000,AMZN,185.92068,185.92750549316406,0.0,0.03948974609375
2021-07-13,185.10499572753906,188.6540069580078,183.5659942626953,183.8679962158203,183.8679962158203,76918000,AMZN,185.1341,184.08399963378906,0.21600341796875,0.0
2021-07-15,184.7100067138672,184.77000427246094,181.04600524902344,181.55999755859375,181.55999755859375,63706000,AMZN,182.7286,178.68150329589844,-2.8784942626953125,0.0
2021-07-23,182.0,183.3054962158203,181.1020050048828,182.83200073242188,182.83200073242188,48726000,AMZN,182.0433,184.99099731445312,0.0,-2.15899658203125
2021-07-26,183.6584930419922,185.60400390625,182.3625030517578,184.99099731445312,184.99099731445312,58002000,AMZN,183.74538,181.3195037841797,0.0,3.6714935302734375
2021-07-27,184.9250030517578,184.9250030517578,179.3074951171875,181.3195037841797,181.3195037841797,82638000,AMZN,181.80478,181.51600646972656,0.196502685546875,0.0
2021-08-04,168.96749877929688,169.44400024414062,167.2779998779297,167.73599243164062,167.73599243164062,43678000,AMZN,168.19226,168.79949951171875,1.063507080078125,0.0
2021-08-05,167.81100463867188,169.4499969482422,167.04600524902344,168.79949951171875,168.79949951171875,48670000,AMZN,168.90733,167.2469940185547,-1.5525054931640625,0.0
2021-08-13,165.2834930419922,165.30349731445312,164.14999389648438,164.69850158691406,164.69850158691406,41134000,AMZN,165.98021,164.94949340820312,0.2509918212890625,0.0
2021-08-20,160.19349670410156,160.3905029296875,158.78799438476562,159.99749755859375,159.99749755859375,67168000,AMZN,161.10332,163.2935028076172,3.2960052490234375,0.0
2021-08-24,164.0,165.77450561523438,163.72900390625,165.28900146484375,165.28900146484375,51036000,AMZN,165.67145,164.95899963378906,-0.3300018310546875,0.0
2021-09-01,174.82000732421875,176.35000610351562,173.76199340820312,173.9499969482422,173.9499969482422,72598000,AMZN,175.26196,173.156005859375,-0.7939910888671875,0.0
2021-09-09,176.30099487304688,177.49949645996094,174.01849365234375,174.20799255371094,174.20799255371094,54384000,AMZN,175.87695,173.45750427246094,-0.75048828125,0.0
2021-09-21,168.75,168.98500061035156,166.6195068359375,167.18150329589844,167.18150329589844,55618000,AMZN,169.04811,169.00250244140625,1.8209991455078125,0.0
2021-10-07,164.57699584960938,166.28750610351562,164.1529998779297,165.1215057373047,165.1215057373047,48182000,AMZN,165.39598,164.43099975585938,-0.6905059814453125,0.0
2021-10-13,163.48550415039062,164.41900634765625,163.05450439453125,164.21400451660156,164.21400451660156,48402000,AMZN,165.13438,164.9929962158203,0.77899169921875,0.0
2021-10-19,171.71449279785156,172.7344970703125,171.10000610351562,172.20750427246094,172.20750427246094,47722000,AMZN,172.3697,170.7530059814453,-1.454498291015625,0.0
2021-10-27,169.39999389648438,171.85000610351562,168.57249450683594,169.62449645996094,169.62449645996094,54044000,AMZN,170.11598,172.32850646972656,2.704010009765625,0.0
2021-11-03,165.4499969482422,169.74600219726562,164.87600708007812,169.1999969482422,169.1999969482422,67944000,AMZN,168.29865,173.85000610351562,0.0,-4.6500091552734375
2021-11-12,174.25,177.0364990234375,172.3524932861328,176.25750732421875,176.25750732421875,53788000,AMZN,176.45688,177.28399658203125,1.0264892578125,0.0
2021-11-23,179.2519989013672,181.05250549316406,176.385498046875,179.0019989013672,179.0019989013672,73804000,AMZN,180.6611,179.02049255371094,0.01849365234375,0.0
2021-12-14,167.5500030517578,169.49899291992188,166.44000244140625,169.0915069580078,169.0915069580078,55976000,AMZN,170.0903,173.31500244140625,4.2234954833984375,0.0
2021-12-20,166.85000610351562,167.87449645996094,165.60000610351562,167.07899475097656,167.07899475097656,57372000,AMZN,168.27615,170.41700744628906,3.3380126953125,0.0
2021-12-22,169.27000427246094,172.0500030517578,168.50050354003906,171.03700256347656,171.03700256347656,55036000,AMZN,171.11644,171.06849670410156,0.031494140625,0.0
2021-12-23,170.42799377441406,171.97500610351562,170.14999389648438,171.06849670410156,171.06849670410156,36788000,AMZN,171.63293,169.66949462890625,-1.3990020751953125,0.0
2021-12-28,170.1824951171875,172.17599487304688,169.135498046875,170.66099548339844,170.66099548339844,54638000,AMZN,172.05109,169.2010040283203,-1.459991455078125,0.0
2022-01-05,166.88299560546875,167.12649536132812,164.35699462890625,164.35699462890625,164.35699462890625,64302000,AMZN,166.64737,163.25399780273438,-1.102996826171875,0.0
2022-01-24,139.0,144.94500732421875,135.3520050048828,144.54400634765625,144.54400634765625,155624000,AMZN,143.23158,139.98599243164062,0.0,4.558013916015625
2022-01-25,142.24249267578125,143.60000610351562,138.14500427246094,139.98599243164062,139.98599243164062,90824000,AMZN,140.09302,138.87249755859375,-1.113494873046875,0.0
2022-01-27,140.8000030517578,144.24349975585938,139.35000610351562,139.6374969482422,139.6374969482422,77516000,AMZN,141.38875,143.97799682617188,4.3404998779296875,0.0
2022-02-02,155.05050659179688,155.0749969482422,148.86349487304688,150.6125030517578,150.6125030517578,87330000,AMZN,152.97127,138.8455047607422,-11.766998291015625,0.0
2022-02-10,158.35000610351562,160.7165069580078,157.75,159.0034942626953,159.0034942626953,68268000,AMZN,160.50638,153.2935028076172,-5.709991455078125,0.0
2022-02-18,155.49949645996094,155.49949645996094,150.89300537109375,152.60150146484375,152.60150146484375,63604000,AMZN,154.19234,150.19749450683594,-2.4040069580078125,0.0
2022-02-24,139.83749389648438,151.74899291992188,139.5,151.35800170898438,151.35800170898438,100786000,AMZN,147.76222,153.7884979248047,0.0,-2.4304962158203125
2022-02-28,152.4250030517578,154.4499969482422,150.85000610351562,153.56300354003906,153.56300354003906,57684000,AMZN,152.36096,151.14199829101562,0.0,2.4210052490234375
2022-03-25,164.0,165.36849975585938,162.25,164.77349853515625,164.77349853515625,49032000,AMZN,165.61513,168.99049377441406,4.2169952392578125,0.0
2022-03-28,164.97500610351562,169.03750610351562,164.89999389648438,168.99049377441406,168.99049377441406,59854000,AMZN,168.09227,169.31500244140625,0.0,-0.3245086669921875
2022-03-31,166.44500732421875,166.4949951171875,162.95350646972656,162.99749755859375,162.99749755859375,59966000,AMZN,165.59337,163.55999755859375,0.5625,0.0
2022-04-08,156.75,157.36849975585938,154.2310028076172,154.4604949951172,154.4604949951172,46002000,AMZN,155.80309,151.1219940185547,-3.3385009765625,0.0
2022-04-28,142.17799377441406,145.9375,140.3000030517578,144.59649658203125,144.59649658203125,117316000,AMZN,143.35063,124.28150177001953,0.0,20.31499481201172
2022-05-03,124.05349731445312,126.22049713134766,122.82499694824219,124.25350189208984,124.25350189208984,79134000,AMZN,123.9142,125.92849731445312,0.0,-1.6749954223632812
2022-05-09,111.3125,114.0,107.95700073242188,108.78900146484375,108.78900146484375,128124000,AMZN,110.654564,108.85900115966798,0.06999969482423296,0.0
2022-05-17,113.2750015258789,115.80000305175781,111.27649688720703,115.36849975585938,115.36849975585938,76448000,AMZN,115.544685,107.11250305175781,-8.255996704101562,0.0
2022-05-24,104.0250015258789,105.4000015258789,101.26000213623047,104.0999984741211,104.0999984741211,102934000,AMZN,103.62215,106.7750015258789,0.0,-2.6750030517578125
2022-05-26,107.97000122070312,112.66549682617188,107.45349884033203,111.07749938964844,111.07749938964844,93002000,AMZN,110.21596,115.14649963378906,0.0,-4.069000244140625
2022-06-07,122.01000213623047,124.0999984741211,120.62999725341797,123.0,123.0,85156700,AMZN,122.56288,121.1800003051758,0.0,1.8199996948242045
2022-06-17,102.80000305175781,106.9800033569336,102.51000213623047,106.22000122070312,106.22000122070312,99772100,AMZN,105.23382,108.68000030517577,0.0,-2.459999084472642
2022-06-22,107.43000030517578,112.12999725341797,107.0199966430664,108.94999694824219,108.94999694824219,60040100,AMZN,109.622826,112.44000244140625,3.4900054931640625,0.0
2022-06-28,113.5,114.8499984741211,107.04000091552734,107.4000015258789,107.4000015258789,74942900,AMZN,109.94662,108.91999816894531,1.5199966430664062,0.0
2022-07-18,115.0,117.23999786376953,113.1500015258789,113.76000213623047,113.76000213623047,59115400,AMZN,114.594955,118.20999908447266,4.4499969482421875,0.0
2022-07-19,115.69999694824219,118.94999694824219,114.02999877929688,118.20999908447266,118.20999908447266,60990000,AMZN,117.44045,122.7699966430664,0.0,-4.55999755859375
2022-07-21,123.19999694824219,124.8499984741211,121.26000213623047,124.62999725341797,124.62999725341797,60239900,AMZN,124.09341,122.41999816894531,0.0,2.2099990844726562
2022-07-26,115.79000091552734,118.1500015258789,114.52999877929688,114.80999755859375,114.80999755859375,67075100,AMZN,116.291374,120.97000122070314,6.160003662109389,0.0
2022-07-27,117.30999755859375,121.9000015258789,117.16000366210938,120.97000122070312,120.97000122070312,61582000,AMZN,119.77503,122.27999877929688,0.0,-1.30999755859375
2022-07-29,134.89999389648438,137.64999389648438,132.41000366210938,134.9499969482422,134.9499969482422,148892900,AMZN,134.99956,135.38999938964844,0.44000244140625,0.0
2022-08-17,142.69000244140625,143.3800048828125,140.77999877929688,142.10000610351562,142.10000610351562,48149800,AMZN,142.97668,142.3000030517578,0.1999969482421875,0.0
2022-08-18,141.32000732421875,142.77000427246094,140.3800048828125,142.3000030517578,142.3000030517578,37458700,AMZN,142.51767,138.22999572753906,-4.07000732421875,0.0
2022-08-22,135.72000122070312,136.32000732421875,132.85000610351562,133.22000122070312,133.22000122070312,50461500,AMZN,134.81929,133.6199951171875,0.399993896484375,0.0
2022-08-24,132.75,135.47000122070312,132.10000610351562,133.8000030517578,133.8000030517578,38627000,AMZN,133.38457,137.27999877929688,0.0,-3.4799957275390625
2022-09-08,127.72000122070312,130.27999877929688,127.0999984741211,129.82000732421875,129.82000732421875,43988500,AMZN,129.39125,133.27000427246094,0.0,-3.4499969482421875
2022-09-16,122.77999877929688,123.87000274658203,120.69999694824219,123.52999877929688,123.52999877929688,115667800,AMZN,122.7247,124.66000366210936,0.0,-1.1300048828124858
2022-09-19,122.16000366210938,124.70999908447266,121.80000305175781,124.66000366210938,124.66000366210938,47279700,AMZN,123.79248,122.19000244140625,0.0,2.470001220703125
2022-09-28,114.37999725341797,118.69999694824219,113.80000305175781,118.01000213623047,118.01000213623047,55763800,AMZN,116.949394,114.80000305175781,0.0,3.2099990844726562
2022-09-29,115.5999984741211,116.06999969482422,113.05999755859375,114.80000305175781,114.80000305175781,58969700,AMZN,115.017494,113.0,-1.8000030517578125,0.0
2022-10-20,113.83000183105469,118.23999786376953,113.51000213623047,115.25,115.25,48795100,AMZN,116.13404,119.31999969482422,4.069999694824219,0.0
2022-10-25,119.6500015258789,121.31999969482422,118.94999694824219,120.5999984741211,120.5999984741211,50934600,AMZN,120.491486,115.66000366210938,0.0,4.939994812011719
2022-10-27,113.91999816894531,114.12000274658203,109.7699966430664,110.95999908447266,110.95999908447266,129605400,AMZN,111.71572,103.41000366210938,-7.549995422363281,0.0
2022-10-31,103.55999755859375,104.87000274658203,100.73999786376953,102.44000244140625,102.44000244140625,99251400,AMZN,102.13107,96.79000091552734,0.0,5.650001525878906
2022-11-02,97.31999969482422,97.73999786376953,92.01000213623047,92.12000274658203,92.12000274658203,135761800,AMZN,93.57884,89.30000305175781,-2.8199996948242188,0.0
2022-11-07,91.94999694824219,92.0999984741211,89.04000091552734,90.52999877929688,90.52999877929688,77495700,AMZN,91.46215,89.9800033569336,-0.5499954223632812,0.0
2022-11-09,89.47000122070312,89.4800033569336,85.87000274658203,86.13999938964844,86.13999938964844,90796200,AMZN,88.10492,96.62999725341797,10.489997863769531,0.0
2022-11-10,92.94000244140625,98.69000244140625,91.6500015258789,96.62999725341797,96.62999725341797,173414900,AMZN,96.97774,100.79000091552734,4.160003662109375,0.0
2022-11-11,97.87999725341797,101.19000244140625,96.66000366210938,100.79000091552734,100.79000091552734,111590500,AMZN,100.6171,98.48999786376953,0.0,2.3000030517578125
2022-11-18,95.94999694824219,95.98999786376953,92.4800033569336,94.13999938964844,94.13999938964844,72428200,AMZN,93.622536,92.45999908447266,0.0,1.6800003051757812
2022-11-23,93.23999786376953,94.58000183105469,92.83000183105469,94.12999725341797,94.12999725341797,59414700,AMZN,93.41756,93.41000366210938,0.0,0.7199935913085938
2022-11-28,93.93000030517578,96.4000015258789,93.43000030517578,93.94999694824219,93.94999694824219,74943100,AMZN,94.19868,92.41999816894531,-1.529998779296875,0.0
2022-12-06,90.5,91.04000091552734,87.9000015258789,88.25,88.25,75503600,AMZN,88.5623,88.45999908447266,0.20999908447265625,0.0
2022-12-13,95.2300033569336,96.25,90.5199966430664,92.48999786376953,92.48999786376953,100212000,AMZN,93.38628,91.58000183105469,-0.9099960327148438,0.0
2022-12-14,92.5,93.45999908447266,89.87000274658203,91.58000183105469,91.58000183105469,70298000,AMZN,91.73905,88.44999694824219,-3.1300048828125,0.0
2022-12-21,86.18000030517578,87.2300033569336,85.20999908447266,86.7699966430664,86.7699966430664,59267200,AMZN,86.60258,83.79000091552734,0.0,2.9799957275390625
2022-12-22,85.5199966430664,85.68000030517578,82.25,83.79000091552734,83.79000091552734,81431300,AMZN,83.6984,85.25,0.0,-1.4599990844726562
2022-12-29,82.87000274658203,84.55000305175781,82.55000305175781,84.18000030517578,84.18000030517578,54995900,AMZN,84.3315,84.0,-0.18000030517578125,0.0
2023-01-05,85.33000183105469,85.41999816894531,83.06999969482422,83.12000274658203,83.12000274658203,67930800,AMZN,83.74933,86.08000183105469,2.9599990844726562,0.0
2023-01-17,98.68000030517578,98.88999938964844,95.7300033569336,96.05000305175781,96.05000305175781,72755000,AMZN,96.44152,95.45999908447266,-0.5900039672851562,0.0
2023-01-23,97.55999755859375,97.77999877929688,95.86000061035156,97.5199966430664,97.5199966430664,76501100,AMZN,96.49789,96.31999969482422,0.0,1.1999969482421875
2023-02-16,99.20999908447266,100.62999725341797,98.0999984741211,98.1500015258789,98.1500015258789,56339200,AMZN,99.42152,97.19999694824219,-0.9500045776367188,0.0
2023-02-24,93.52999877929688,94.13999938964844,92.31999969482422,93.5,93.5,57053800,AMZN,93.629654,93.76000213623047,0.26000213623046875,0.0
2023-02-27,94.27999877929688,94.77999877929688,93.13999938964844,93.76000213623047,93.76000213623047,47470300,AMZN,94.51517,94.2300033569336,0.470001220703125,0.0
2023-03-02,91.41000366210938,92.2300033569336,90.38999938964844,92.12999725341797,92.12999725341797,55509400,AMZN,92.13126,94.9000015258789,2.7700042724609375,0.0
2023-03-15,93.22000122070312,96.66999816894531,93.06999969482422,96.19999694824219,96.19999694824219,70731800,AMZN,95.20362,100.04000091552736,0.0,-3.8400039672851705
2023-03-20,98.41000366210938,98.4800033569336,95.69999694824219,97.70999908447266,97.70999908447266,62388900,AMZN,97.35545,100.61000061035156,0.0,-2.9000015258789062
2023-03-22,100.44999694824219,102.0999984741211,98.61000061035156,98.69999694824219,98.69999694824219,57475400,AMZN,99.313225,98.70999908447266,0.01000213623046875,0.0
2023-03-24,98.06999969482422,98.30000305175781,96.4000015258789,98.12999725341797,98.12999725341797,56095400,AMZN,97.52249,98.04000091552734,0.0,0.089996337890625
2023-03-31,102.16000366210938,103.48999786376953,101.94999694824219,103.29000091552734,103.29000091552734,56750300,AMZN,103.04964,102.41000366210938,0.0,0.8799972534179688
2023-04-05,103.91000366210938,103.91000366210938,100.75,101.0999984741211,101.0999984741211,45175400,AMZN,101.91683,102.05999755859375,0.9599990844726562,0.0
2023-04-25,104.91000366210938,105.44999694824219,102.44999694824219,102.56999969482422,102.56999969482422,65026800,AMZN,103.56937,104.9800033569336,2.410003662109375,0.0
2023-04-26,105.04000091552734,106.62000274658203,104.0999984741211,104.9800033569336,104.9800033569336,73803800,AMZN,105.45922,109.81999969482422,4.839996337890625,0.0
2023-05-23,114.2699966430664,117.13999938964844,113.77999877929688,114.98999786376953,114.98999786376953,67576300,AMZN,115.41996,116.75,1.7600021362304688,0.0
2023-05-26,116.04000091552734,121.5,116.0199966430664,120.11000061035156,120.11000061035156,96779900,AMZN,118.99018,121.66000366210938,0.0,-1.5500030517578125
2023-05-31,121.44999694824219,122.04000091552734,119.16999816894531,120.58000183105469,120.58000183105469,72800800,AMZN,120.858,122.7699966430664,2.1899948120117188,0.0
2023-06-01,120.69000244140625,123.48999786376953,119.93000030517578,122.7699966430664,122.7699966430664,54375100,AMZN,122.78259,124.25,1.4800033569335938,0.0
2023-06-07,127.01000213623047,127.37000274658203,120.62999725341797,121.2300033569336,121.2300033569336,95663300,AMZN,123.17672,124.25,3.0199966430664062,0.0
2023-06-08,123.01000213623047,125.62999725341797,122.26000213623047,124.25,124.25,62159300,AMZN,124.619705,123.43000030517577,-0.819999694824233,0.0
2023-06-15,125.20999908447266,127.69000244140625,124.31999969482422,127.11000061035156,127.11000061035156,60458500,AMZN,126.92075,125.48999786376952,0.0,1.6200027465820455
2023-06-28,128.94000244140625,131.47999572753906,128.44000244140625,129.0399932861328,129.0399932861328,52149500,AMZN,129.89511,127.90000152587889,-1.1399917602539205,0.0
2023-06-29,128.77000427246094,129.25999450683594,127.26000213623047,127.9000015258789,127.9000015258789,40761000,AMZN,128.63498,130.36000061035156,2.4599990844726562,0.0
2023-07-06,128.25,128.72999572753906,127.37000274658203,128.36000061035156,128.36000061035156,40639900,AMZN,128.89992,129.77999877929688,1.4199981689453125,0.0
2023-07-17,134.55999755859375,135.6199951171875,133.2100067138672,133.55999755859375,133.55999755859375,48450200,AMZN,134.88058,132.8300018310547,-0.7299957275390625,0.0
2023-07-21,131.33999633789062,131.3699951171875,128.4199981689453,130.0,130.0,133265000,AMZN,130.26622,128.8000030517578,-1.1999969482421875,0.0
2023-07-31,133.1999969482422,133.8699951171875,132.3800048828125,133.67999267578125,133.67999267578125,41901500,AMZN,133.75725,131.69000244140625,-1.989990234375,0.0
2023-08-07,140.99000549316406,142.5399932861328,138.9499969482422,142.22000122070312,142.22000122070312,71213100,AMZN,141.64696,139.94000244140625,0.0,2.279998779296875
2023-08-15,140.0500030517578,141.27999877929688,137.22999572753906,137.6699981689453,137.6699981689453,42781500,AMZN,138.87003,135.07000732421875,-2.5999908447265625,0.0
2023-08-22,135.0800018310547,135.64999389648438,133.72999572753906,134.25,134.25,32935100,AMZN,134.4356,135.52000427246094,1.2700042724609375,0.0
2023-08-25,132.47000122070312,133.8699951171875,130.5800018310547,133.25999450683594,133.25999450683594,44147500,AMZN,133.3096,133.13999938964844,-0.1199951171875,0.0
2023-08-31,135.05999755859375,138.7899932861328,135.0,138.00999450683594,138.00999450683594,58781300,AMZN,137.5195,138.1199951171875,0.0,-0.1100006103515625
2023-09-14,145.0800018310547,145.86000061035156,142.9499969482422,144.72000122070312,144.72000122070312,64033600,AMZN,145.27565,140.38999938964844,-4.3300018310546875,0.0
2023-09-21,131.94000244140625,132.24000549316406,129.30999755859375,129.3300018310547,129.3300018310547,70234800,AMZN,130.74768,129.1199951171875,-0.2100067138671875,0.0
2023-09-26,130.1199951171875,130.38999938964844,125.27999877929688,125.9800033569336,125.9800033569336,73048200,AMZN,126.65333,125.98000335693358,-1.4210854715202004e-14,0.0
2023-10-09,126.22000122070312,128.7899932861328,124.76000213623047,128.25999450683594,128.25999450683594,38773700,AMZN,127.59703,129.47999572753906,0.0,-1.220001220703125
2023-10-11,129.74000549316406,132.0500030517578,129.61000061035156,131.8300018310547,131.8300018310547,40741800,AMZN,131.69534,132.3300018310547,0.0,-0.5
2023-10-23,124.62999725341797,127.87999725341797,123.9800033569336,126.55999755859375,126.55999755859375,48260000,AMZN,126.19274,128.55999755859375,0.0,-2.0
2023-10-30,129.72000122070312,133.0,128.55999755859375,132.7100067138672,132.7100067138672,72485500,AMZN,131.20267,133.08999633789062,0.0,-0.3799896240234375
2023-11-01,133.9600067138672,137.35000610351562,133.7100067138672,137.0,137.0,61529400,AMZN,137.09146,138.07000732421875,1.07000732421875,0.0
2023-11-06,138.75999450683594,140.72999572753906,138.36000061035156,139.74000549316406,139.74000549316406,44970400,AMZN,140.68616,142.7100067138672,2.970001220703125,0.0
2023-11-09,142.02000427246094,142.64999389648438,139.83999633789062,140.60000610351562,140.60000610351562,36235400,AMZN,141.91153,143.55999755859375,2.959991455078125,0.0
2023-11-15,147.05999755859375,147.2899932861328,142.58999633789062,143.1999969482422,143.1999969482422,63875700,AMZN,144.82362,142.8300018310547,-0.3699951171875,0.0
2023-11-17,142.66000366210938,145.22999572753906,142.5399932861328,145.17999267578125,145.17999267578125,49636700,AMZN,144.85385,146.1300048828125,0.0,-0.95001220703125
2023-11-20,145.1300048828125,146.6300048828125,144.72999572753906,146.1300048828125,146.1300048828125,41951200,AMZN,145.8724,143.89999389648438,0.0,2.230010986328125
2023-11-21,143.91000366210938,144.0500030517578,141.5,143.89999389648438,143.89999389648438,71226000,AMZN,143.71678,146.7100067138672,0.0,-2.8100128173828125
2023-11-22,144.57000732421875,147.74000549316406,144.57000732421875,146.7100067138672,146.7100067138672,45669100,AMZN,146.86423,146.74000549316406,0.029998779296875,0.0
2023-11-27,147.52999877929688,149.25999450683594,146.8800048828125,147.72999572753906,147.72999572753906,53762400,AMZN,148.38008,147.02999877929688,-0.6999969482421875,0.0
2023-11-28,146.97999572753906,147.60000610351562,145.52999877929688,147.02999877929688,147.02999877929688,42711700,AMZN,147.79228,146.32000732421875,-0.709991455078125,0.0
2023-12-14,149.92999267578125,150.5399932861328,145.52000427246094,147.4199981689453,147.4199981689453,58400800,AMZN,148.3203,149.97000122070312,2.5500030517578125,0.0
2023-12-15,148.3800048828125,150.57000732421875,147.8800048828125,149.97000122070312,149.97000122070312,110039100,AMZN,150.11533,154.07000732421875,4.100006103515625,0.0
2023-12-22,153.77000427246094,154.35000610351562,152.7100067138672,153.4199981689453,153.4199981689453,29480100,AMZN,154.43121,153.41000366210938,-0.0099945068359375,0.0
2023-12-27,153.55999755859375,154.77999877929688,153.1199951171875,153.33999633789062,153.33999633789062,31434700,AMZN,154.61682,153.3800048828125,0.040008544921875,0.0
2023-12-29,153.10000610351562,153.88999938964844,151.02999877929688,151.94000244140625,151.94000244140625,39789000,AMZN,153.1383,149.92999267578125,-2.010009765625,0.0
2024-01-09,148.3300018310547,151.7100067138672,148.2100067138672,151.3699951171875,151.3699951171875,43812600,AMZN,150.29382,153.72999572753906,0.0,-2.3600006103515625
2024-01-17,151.49000549316406,152.14999389648438,149.91000366210938,151.7100067138672,151.7100067138672,34953400,AMZN,152.90799,153.5,1.7899932861328125,0.0
2024-01-26,158.4199981689453,160.72000122070312,157.91000366210938,159.1199951171875,159.1199951171875,51047400,AMZN,160.01433,161.25999450683594,2.1399993896484375,0.0
2024-01-31,157.0,159.00999450683594,154.80999755859375,155.1999969482422,155.1999969482422,50284400,AMZN,157.69386,159.27999877929688,4.0800018310546875,0.0
2024-02-14,169.2100067138672,171.2100067138672,168.27999877929688,170.97999572753906,170.97999572753906,42815500,AMZN,171.69443,169.8000030517578,-1.17999267578125,0.0
2024-02-15,170.5800018310547,171.1699981689453,167.58999633789062,169.8000030517578,169.8000030517578,49855200,AMZN,169.77959,169.50999450683594,0.0,0.290008544921875
2024-02-16,168.74000549316406,170.4199981689453,167.1699981689453,169.50999450683594,169.50999450683594,48074600,AMZN,169.80931,167.0800018310547,-2.42999267578125,0.0
2024-02-20,167.8300018310547,168.7100067138672,165.74000549316406,167.0800018310547,167.0800018310547,41980300,AMZN,168.1043,168.58999633789062,1.5099945068359375,0.0
2024-03-04,177.52999877929688,180.13999938964844,177.49000549316406,177.5800018310547,177.5800018310547,37381500,AMZN,178.2247,174.1199951171875,-3.4600067138671875,0.0
2024-03-07,174.8300018310547,177.99000549316406,173.72000122070312,176.82000732421875,176.82000732421875,34063300,AMZN,177.0403,175.35000610351562,-1.470001220703125,0.0
2024-03-21,179.99000549316406,181.4199981689453,178.14999389648438,178.14999389648438,178.14999389648438,32824300,AMZN,179.34624,178.8699951171875,0.720001220703125,0.0
2024-03-27,179.8800048828125,180.0,177.30999755859375,179.8300018310547,179.8300018310547,33272600,AMZN,180.15034,180.3800048828125,0.5500030517578125,0.0
2024-04-04,184.0,185.10000610351562,180.0,180.0,180.0,41624300,AMZN,181.5656,185.07000732421875,5.07000732421875,0.0
2024-04-16,183.27000427246094,184.8300018310547,182.25999450683594,183.32000732421875,183.32000732421875,32891300,AMZN,184.62944,181.27999877929688,-2.040008544921875,0.0
2024-05-13,188.0,188.30999755859375,185.36000061035156,186.57000732421875,186.57000732421875,24898600,AMZN,187.32855,187.07000732421875,0.5,0.0
2024-05-20,184.33999633789062,186.6699981689453,183.27999877929688,183.5399932861328,183.5399932861328,30511800,AMZN,184.53798,183.14999389648438,-0.3899993896484375,0.0
2024-05-21,182.3000030517578,183.25999450683594,180.75,183.14999389648438,183.14999389648438,50839100,AMZN,182.92683,183.1300048828125,0.0,0.019989013671875
2024-05-22,183.8800048828125,185.22000122070312,181.97000122070312,183.1300048828125,183.1300048828125,28148800,AMZN,184.08043,181.0500030517578,-2.0800018310546875,0.0
2024-05-24,181.64999389648438,182.44000244140625,180.3000030517578,180.75,180.75,27434100,AMZN,182.28809,182.14999389648438,1.399993896484375,0.0
2024-06-03,177.6999969482422,178.6999969482422,175.9199981689453,178.33999633789062,178.33999633789062,30786600,AMZN,179.38733,179.33999633789062,1.0,0.0
2024-06-05,180.10000610351562,181.5,178.75,181.27999877929688,181.27999877929688,32116400,AMZN,180.99403,185.0,0.0,-3.720001220703125
2024-06-20,182.91000366210938,186.50999450683594,182.72000122070312,186.10000610351562,186.10000610351562,44726800,AMZN,185.47926,189.0800018310547,0.0,-2.9799957275390625
2024-06-25,186.80999755859375,188.83999633789062,185.4199981689453,186.33999633789062,186.33999633789062,45898500,AMZN,187.1736,193.61000061035156,7.2700042724609375,0.0
2024-06-28,197.72999572753906,198.85000610351562,192.5,193.25,193.25,76930200,AMZN,192.06207,197.1999969482422,0.0,-3.9499969482421875
2024-07-03,199.94000244140625,200.02999877929688,196.75999450683594,197.58999633789062,197.58999633789062,31597900,AMZN,195.629,200.0,0.0,-2.410003662109375
2024-07-22,185.0,185.05999755859375,182.47999572753906,182.5500030517578,182.5500030517578,39931900,AMZN,183.58844,186.41000366210938,3.8600006103515625,0.0
2024-08-08,165.1699981689453,166.69000244140625,162.5500030517578,165.8000030517578,165.8000030517578,44616200,AMZN,166.06473,166.94000244140625,1.1399993896484375,0.0
